INCIDENT_ID,MULTIPLE_OFFENSE
CR_195453,1
CR_103520,1
CR_196089,1
CR_112195,1
CR_149832,1
CR_81654,1
CR_139009,1
CR_6108,1
CR_62283,1
CR_5710,1
CR_188972,1
CR_74490,1
CR_21774,1
CR_82685,1
CR_188343,1
CR_104212,1
CR_49142,1
CR_7923,1
CR_106361,0
CR_153593,1
CR_70128,1
CR_177912,1
CR_119901,1
CR_35246,1
CR_149719,1
CR_99068,1
CR_137684,1
CR_151347,1
CR_59238,1
CR_78703,1
CR_14980,1
CR_159224,1
CR_116795,1
CR_169853,1
CR_77607,1
CR_72161,1
CR_7589,1
CR_73678,1
CR_48947,1
CR_38884,1
CR_132634,0
CR_20524,1
CR_129183,1
CR_127437,1
CR_179077,1
CR_141431,1
CR_135001,1
CR_108962,1
CR_114858,1
CR_179765,1
CR_110903,1
CR_2596,1
CR_193843,1
CR_107764,1
CR_106761,1
CR_156146,1
CR_25741,1
CR_19406,1
CR_52821,1
CR_141663,1
CR_84643,1
CR_9998,1
CR_15173,1
CR_150569,1
CR_44321,1
CR_12480,1
CR_49884,1
CR_16536,1
CR_135867,1
CR_16960,1
CR_94521,1
CR_47185,0
CR_64477,1
CR_9255,1
CR_239,1
CR_36246,1
CR_167882,1
CR_122832,1
CR_107228,1
CR_191070,1
CR_111200,1
CR_138988,1
CR_76254,1
CR_49626,1
CR_136496,1
CR_74857,1
CR_25788,1
CR_96972,1
CR_128167,1
CR_125194,1
CR_196935,1
CR_99124,1
CR_47713,1
CR_17468,1
CR_52768,1
CR_174153,1
CR_181473,1
CR_170055,1
CR_70646,1
CR_139733,0
CR_68496,1
CR_133719,1
CR_149802,1
CR_129628,1
CR_21702,1
CR_184395,0
CR_112847,1
CR_22950,1
CR_4640,1
CR_91832,1
CR_69086,0
CR_90314,1
CR_102226,0
CR_44421,1
CR_91539,0
CR_125712,1
CR_39129,1
CR_166473,1
CR_146268,1
CR_198777,1
CR_19913,1
CR_95693,1
CR_58748,1
CR_120175,1
CR_47383,1
CR_88778,0
CR_45122,1
CR_118555,1
CR_47590,1
CR_56241,1
CR_49686,1
CR_158363,1
CR_49055,1
CR_78381,1
CR_46364,1
CR_89127,1
CR_95911,1
CR_30684,1
CR_110272,0
CR_152101,1
CR_101301,1
CR_10824,1
CR_81174,0
CR_77056,1
CR_104657,1
CR_190935,1
CR_39743,1
CR_97082,1
CR_165452,1
CR_27138,1
CR_44846,1
CR_66139,1
CR_5245,1
CR_58451,1
CR_44466,1
CR_95959,1
CR_40668,1
CR_106009,1
CR_162976,1
CR_39335,1
CR_130604,1
CR_41350,1
CR_90100,1
CR_17889,1
CR_79035,1
CR_43740,1
CR_125043,1
CR_114036,1
CR_18004,1
CR_40538,1
CR_30715,1
CR_53954,1
CR_134044,1
CR_63130,1
CR_195514,1
CR_28019,1
CR_31473,1
CR_114806,1
CR_156949,1
CR_135875,1
CR_96923,1
CR_46274,1
CR_136824,1
CR_102548,1
CR_61295,1
CR_54333,1
CR_181366,1
CR_478,1
CR_22255,1
CR_8080,1
CR_65094,1
CR_5348,1
CR_158706,0
CR_132171,1
CR_52132,1
CR_79181,1
CR_180362,1
CR_97701,1
CR_49066,1
CR_136125,0
CR_27624,1
CR_163466,1
CR_139394,0
CR_153806,1
CR_19155,1
CR_80399,1
CR_159100,1
CR_120631,0
CR_3246,1
CR_50256,1
CR_131299,1
CR_128051,1
CR_152957,1
CR_137814,1
CR_67954,1
CR_50322,1
CR_23362,0
CR_186381,1
CR_187161,1
CR_2108,1
CR_83500,1
CR_80221,1
CR_170586,1
CR_35301,1
CR_56767,1
CR_171642,1
CR_84749,1
CR_161306,1
CR_40438,1
CR_184623,0
CR_95950,1
CR_101457,1
CR_35864,1
CR_100687,1
CR_2884,1
CR_76955,1
CR_98414,1
CR_118497,1
CR_63131,0
CR_180403,1
CR_56147,1
CR_57569,1
CR_65960,1
CR_18205,1
CR_150635,1
CR_36543,1
CR_10878,1
CR_11360,1
CR_106520,0
CR_162196,1
CR_91451,1
CR_134343,1
CR_131575,1
CR_32260,1
CR_36265,1
CR_64764,1
CR_16772,1
CR_137369,1
CR_157853,1
CR_48196,1
CR_172072,1
CR_110650,1
CR_135741,1
CR_118830,1
CR_197890,0
CR_127112,1
CR_103153,1
CR_126305,1
CR_164868,1
CR_169319,1
CR_24336,1
CR_108491,1
CR_182421,1
CR_171098,1
CR_141601,1
CR_57375,1
CR_181581,1
CR_190531,1
CR_36060,1
CR_24617,1
CR_57414,1
CR_103779,1
CR_169274,1
CR_18842,1
CR_80988,1
CR_192638,1
CR_192720,1
CR_56860,1
CR_30084,1
CR_1027,1
CR_68209,1
CR_152909,1
CR_188237,1
CR_1305,1
CR_120906,1
CR_159219,1
CR_146952,1
CR_128604,0
CR_96594,1
CR_184785,1
CR_62664,1
CR_189600,1
CR_55388,1
CR_140003,1
CR_170506,1
CR_56219,1
CR_182232,1
CR_115398,1
CR_188702,1
CR_14653,1
CR_19927,1
CR_40513,1
CR_136996,1
CR_144126,1
CR_176564,1
CR_54927,1
CR_76926,1
CR_147878,1
CR_126734,1
CR_67238,1
CR_90939,1
CR_64117,1
CR_24966,1
CR_30064,1
CR_25070,1
CR_118631,1
CR_89651,1
CR_153839,1
CR_136367,1
CR_141051,1
CR_178884,1
CR_18557,1
CR_19494,1
CR_156676,1
CR_198463,1
CR_133472,1
CR_78317,1
CR_41650,1
CR_119220,1
CR_79735,1
CR_182226,1
CR_4152,1
CR_87430,1
CR_78822,1
CR_127021,1
CR_37457,1
CR_169096,1
CR_23276,1
CR_158474,1
CR_45260,1
CR_58693,1
CR_175060,1
CR_85007,1
CR_103386,1
CR_144148,1
CR_8218,1
CR_196887,0
CR_68229,1
CR_63084,1
CR_86572,1
CR_77036,1
CR_172195,0
CR_32176,1
CR_142460,1
CR_75598,1
CR_110226,1
CR_58035,1
CR_76537,1
CR_31098,1
CR_26347,1
CR_142788,1
CR_156444,1
CR_145548,1
CR_122133,1
CR_184486,1
CR_66021,1
CR_44387,1
CR_58333,1
CR_112216,1
CR_162845,1
CR_63377,1
CR_155243,1
CR_130619,0
CR_16550,1
CR_183084,1
CR_91052,1
CR_34802,1
CR_159126,1
CR_97738,1
CR_38360,1
CR_164203,1
CR_14799,1
CR_154941,1
CR_98260,1
CR_118175,1
CR_93034,1
CR_196464,1
CR_78806,1
CR_118887,1
CR_84121,1
CR_44310,1
CR_108042,1
CR_113106,1
CR_57625,1
CR_160565,1
CR_112597,1
CR_91017,1
CR_122112,1
CR_112260,1
CR_182543,1
CR_91656,1
CR_52636,1
CR_67924,1
CR_65565,1
CR_20932,1
CR_159196,1
CR_149038,1
CR_192446,1
CR_4563,1
CR_155167,1
CR_69015,1
CR_4319,1
CR_70025,1
CR_78019,1
CR_59815,1
CR_4634,1
CR_39788,1
CR_78654,1
CR_168873,1
CR_159220,1
CR_173228,1
CR_164385,1
CR_39591,1
CR_152149,1
CR_88641,1
CR_95077,1
CR_121523,0
CR_86172,1
CR_169407,1
CR_34215,1
CR_65332,1
CR_170403,1
CR_52342,1
CR_146244,1
CR_96297,1
CR_183123,1
CR_84662,1
CR_47016,1
CR_178826,1
CR_48610,1
CR_61526,1
CR_65426,1
CR_37791,1
CR_35858,1
CR_114941,1
CR_185271,1
CR_50202,1
CR_172807,1
CR_147784,0
CR_33591,1
CR_103888,1
CR_12224,1
CR_130842,1
CR_100397,1
CR_82452,1
CR_108528,1
CR_176252,1
CR_61149,1
CR_113899,1
CR_129398,1
CR_97913,1
CR_126094,1
CR_35136,1
CR_181459,0
CR_118397,1
CR_124003,1
CR_78978,1
CR_193531,1
CR_39508,1
CR_79546,1
CR_31784,1
CR_168802,1
CR_102971,0
CR_21872,1
CR_138231,1
CR_49288,1
CR_100593,1
CR_48357,1
CR_190338,1
CR_86991,1
CR_195941,1
CR_10375,1
CR_164312,1
CR_97219,1
CR_145089,1
CR_43380,1
CR_144225,1
CR_102376,1
CR_110969,1
CR_86192,1
CR_126351,1
CR_5566,1
CR_181113,1
CR_111873,1
CR_21440,1
CR_62389,1
CR_131545,1
CR_123127,1
CR_192490,1
CR_64371,0
CR_23728,1
CR_66245,1
CR_32426,1
CR_23427,1
CR_17236,1
CR_23160,1
CR_18293,0
CR_107271,1
CR_1083,1
CR_69669,1
CR_48466,1
CR_28383,1
CR_188286,1
CR_57419,1
CR_46158,1
CR_53296,1
CR_145571,1
CR_17069,1
CR_131856,1
CR_72990,1
CR_147895,1
CR_14180,1
CR_23580,1
CR_105528,1
CR_33731,1
CR_161968,1
CR_80370,1
CR_67413,1
CR_25509,1
CR_167263,1
CR_8078,1
CR_20947,1
CR_192492,1
CR_46929,1
CR_162517,1
CR_55755,1
CR_97135,1
CR_123532,1
CR_46895,1
CR_56097,1
CR_109319,1
CR_9862,1
CR_102722,1
CR_37617,1
CR_40895,1
CR_117513,1
CR_108707,1
CR_27207,1
CR_25274,1
CR_75544,1
CR_91225,1
CR_133177,1
CR_47914,1
CR_1729,1
CR_161691,1
CR_41832,1
CR_193860,1
CR_56676,1
CR_161391,1
CR_27658,1
CR_160460,1
CR_28319,1
CR_76286,1
CR_48930,1
CR_99450,1
CR_125502,1
CR_147128,0
CR_37671,1
CR_55731,1
CR_68721,1
CR_7205,1
CR_101192,1
CR_75521,1
CR_127860,1
CR_177825,1
CR_110405,1
CR_15299,1
CR_152836,1
CR_50614,1
CR_45724,1
CR_165536,1
CR_194237,1
CR_11408,1
CR_174532,1
CR_130272,1
CR_145515,1
CR_122245,1
CR_36373,1
CR_23625,1
CR_20865,1
CR_172962,1
CR_150218,1
CR_77366,1
CR_156217,1
CR_33816,1
CR_193018,1
CR_68751,1
CR_13042,1
CR_25957,1
CR_80718,1
CR_115274,1
CR_144925,1
CR_47820,1
CR_39103,1
CR_77112,1
CR_27084,1
CR_11067,1
CR_142650,1
CR_76389,1
CR_133210,1
CR_2123,1
CR_118444,1
CR_184756,1
CR_190520,1
CR_153554,1
CR_92817,1
CR_139793,1
CR_13409,1
CR_126585,1
CR_137953,1
CR_169468,1
CR_195166,1
CR_5534,1
CR_185802,0
CR_50117,1
CR_156259,1
CR_5804,1
CR_175493,0
CR_22841,1
CR_140864,1
CR_71372,1
CR_143673,1
CR_151685,1
CR_122274,1
CR_168879,1
CR_176516,1
CR_195091,1
CR_24931,1
CR_107975,1
CR_29812,1
CR_86522,1
CR_11456,1
CR_128720,1
CR_175199,1
CR_79839,1
CR_187014,1
CR_193288,1
CR_134658,1
CR_74853,1
CR_39424,1
CR_141418,1
CR_87354,0
CR_23894,1
CR_108871,1
CR_181730,1
CR_28673,1
CR_161458,1
CR_18608,1
CR_167601,1
CR_72509,1
CR_192482,1
CR_52578,1
CR_153531,1
CR_41683,1
CR_198197,1
CR_56498,1
CR_109275,1
CR_84091,1
CR_181773,1
CR_86523,1
CR_64957,1
CR_62991,1
CR_149051,1
CR_163555,1
CR_162111,1
CR_50638,1
CR_64602,1
CR_21617,1
CR_24760,1
CR_44084,1
CR_41065,1
CR_27554,1
CR_111564,1
CR_162410,1
CR_117067,1
CR_155531,1
CR_41674,1
CR_172325,0
CR_193091,1
CR_121107,1
CR_163164,1
CR_126429,1
CR_121602,1
CR_18177,1
CR_72202,1
CR_34333,1
CR_13651,1
CR_169634,1
CR_140444,1
CR_76607,1
CR_171869,1
CR_13708,1
CR_189479,1
CR_80479,1
CR_43920,1
CR_2847,1
CR_65054,1
CR_169969,1
CR_104390,1
CR_62828,1
CR_195431,1
CR_133465,1
CR_125076,0
CR_129899,1
CR_103068,1
CR_133529,1
CR_79468,1
CR_62450,1
CR_120192,1
CR_66275,1
CR_89173,1
CR_168357,1
CR_111046,1
CR_44529,1
CR_144942,1
CR_89279,1
CR_43755,1
CR_105189,1
CR_156406,1
CR_87234,1
CR_35727,1
CR_134582,1
CR_145543,1
CR_99499,1
CR_10014,1
CR_47569,1
CR_153,1
CR_151751,1
CR_175618,1
CR_11122,1
CR_3584,1
CR_3682,1
CR_146098,1
CR_62551,0
CR_186429,1
CR_92683,1
CR_10914,1
CR_102345,1
CR_163839,1
CR_163334,1
CR_41311,1
CR_152190,1
CR_114908,1
CR_171995,1
CR_126037,1
CR_3542,1
CR_35160,1
CR_80897,1
CR_119168,1
CR_168619,1
CR_165549,1
CR_98695,1
CR_185773,1
CR_137571,1
CR_14727,1
CR_27004,1
CR_85064,1
CR_99533,1
CR_173448,1
CR_171688,1
CR_123738,0
CR_9941,1
CR_175196,0
CR_106855,1
CR_101017,1
CR_34850,1
CR_78309,1
CR_38792,1
CR_80719,1
CR_137081,0
CR_81638,1
CR_20496,1
CR_70422,1
CR_105959,1
CR_185782,1
CR_39024,1
CR_48249,1
CR_1501,0
CR_197098,1
CR_44957,0
CR_196407,1
CR_67048,1
CR_123248,1
CR_133563,1
CR_98731,1
CR_88866,1
CR_61079,1
CR_73076,1
CR_128876,1
CR_185722,1
CR_142437,0
CR_107089,1
CR_104100,1
CR_110148,0
CR_35778,1
CR_188424,1
CR_184366,1
CR_5042,1
CR_168285,1
CR_84130,1
CR_55550,1
CR_105187,1
CR_187502,1
CR_89503,1
CR_60969,1
CR_196498,1
CR_186649,1
CR_189911,1
CR_96988,1
CR_10018,0
CR_61380,1
CR_125758,1
CR_729,0
CR_114142,1
CR_85985,1
CR_128277,1
CR_54633,1
CR_82323,1
CR_96076,1
CR_198017,1
CR_146321,0
CR_194254,1
CR_29948,1
CR_114083,1
CR_191045,1
CR_52742,1
CR_107798,1
CR_87984,1
CR_46267,1
CR_70483,1
CR_97169,1
CR_22379,1
CR_99392,1
CR_29832,1
CR_64769,1
CR_174713,1
CR_98078,1
CR_183352,1
CR_134131,1
CR_156,1
CR_170249,1
CR_2181,1
CR_172671,1
CR_190489,0
CR_141263,1
CR_72119,1
CR_146828,1
CR_69666,1
CR_78928,1
CR_195597,1
CR_94257,1
CR_73357,1
CR_56274,1
CR_197479,1
CR_41843,1
CR_25092,1
CR_41933,0
CR_126793,1
CR_147915,1
CR_14238,0
CR_177630,1
CR_93288,1
CR_141801,1
CR_155505,1
CR_193519,1
CR_20700,1
CR_147420,1
CR_87511,1
CR_62884,1
CR_57974,1
CR_11061,1
CR_121218,1
CR_98044,1
CR_42638,1
CR_53257,1
CR_193191,1
CR_181221,1
CR_57935,1
CR_139785,1
CR_85292,1
CR_60053,1
CR_138262,1
CR_169954,1
CR_93507,1
CR_125604,1
CR_17225,1
CR_25230,1
CR_191177,1
CR_28817,0
CR_102190,1
CR_61260,1
CR_110438,1
CR_166102,1
CR_157600,1
CR_123300,1
CR_78281,1
CR_182161,1
CR_9328,1
CR_63736,1
CR_19450,1
CR_195472,1
CR_103834,1
CR_2398,1
CR_1315,1
CR_173801,1
CR_71641,1
CR_175779,1
CR_165597,1
CR_20748,1
CR_9347,1
CR_13396,1
CR_61742,1
CR_59457,1
CR_56686,1
CR_140764,1
CR_7638,1
CR_84983,1
CR_96423,1
CR_61444,1
CR_101964,1
CR_87199,1
CR_107554,1
CR_77973,1
CR_51916,1
CR_14899,1
CR_126648,0
CR_93523,1
CR_121071,0
CR_131194,1
CR_116119,1
CR_144509,1
CR_84903,1
CR_186592,1
CR_152948,1
CR_194507,1
CR_32050,1
CR_157726,1
CR_126209,1
CR_96864,0
CR_102892,1
CR_195958,1
CR_146568,1
CR_196521,1
CR_120180,1
CR_87631,1
CR_72902,0
CR_144936,1
CR_149292,1
CR_28508,1
CR_20067,1
CR_132573,1
CR_100923,0
CR_118977,1
CR_115042,1
CR_190619,1
CR_107443,1
CR_80624,1
CR_173811,1
CR_127266,1
CR_59008,0
CR_37953,1
CR_193958,1
CR_150183,1
CR_54667,1
CR_51904,1
CR_159836,1
CR_69435,1
CR_193699,1
CR_6454,1
CR_195911,1
CR_173501,1
CR_106561,1
CR_143625,1
CR_100836,0
CR_52163,1
CR_176134,1
CR_44873,1
CR_183860,1
CR_53609,1
CR_120002,1
CR_191628,1
CR_169732,1
CR_165789,0
CR_66356,1
CR_38462,1
CR_84108,1
CR_4392,1
CR_144568,1
CR_70622,1
CR_93589,0
CR_157740,1
CR_29621,1
CR_186231,1
CR_178312,1
CR_93320,1
CR_121366,1
CR_140188,1
CR_24598,1
CR_95793,1
CR_95464,1
CR_83890,1
CR_136804,1
CR_44976,1
CR_46204,1
CR_94673,1
CR_27251,1
CR_191847,1
CR_5099,1
CR_51325,1
CR_115702,1
CR_97705,1
CR_18101,1
CR_82225,1
CR_173609,1
CR_81748,1
CR_54953,1
CR_135561,1
CR_60754,1
CR_135739,1
CR_82895,1
CR_175086,1
CR_116275,1
CR_179082,1
CR_72415,1
CR_80080,1
CR_175604,1
CR_130353,0
CR_49980,1
CR_115623,1
CR_107933,1
CR_121974,1
CR_97513,1
CR_188721,1
CR_178603,1
CR_70882,1
CR_166590,1
CR_14004,1
CR_65524,1
CR_6820,0
CR_69529,1
CR_26972,1
CR_110753,1
CR_191778,1
CR_160101,1
CR_173892,1
CR_44897,1
CR_157812,1
CR_130146,1
CR_39909,1
CR_183689,0
CR_18932,1
CR_53056,1
CR_8282,1
CR_92220,1
CR_9565,1
CR_17324,0
CR_197942,0
CR_130764,1
CR_46006,1
CR_64287,1
CR_157514,1
CR_139,1
CR_24651,1
CR_196346,1
CR_193736,1
CR_45038,1
CR_20656,1
CR_39886,1
CR_73713,1
CR_125211,1
CR_135653,1
CR_83864,1
CR_42809,1
CR_35366,1
CR_41657,0
CR_167306,1
CR_186567,1
CR_89907,1
CR_88056,1
CR_63807,1
CR_90766,1
CR_48194,1
CR_2639,1
CR_113323,1
CR_60762,1
CR_174851,1
CR_90529,1
CR_163379,1
CR_128831,1
CR_65648,1
CR_164308,1
CR_2089,1
CR_52037,1
CR_40705,1
CR_94311,1
CR_142726,1
CR_63353,0
CR_27331,1
CR_26560,1
CR_44216,1
CR_86096,1
CR_17557,1
CR_3318,1
CR_36467,1
CR_151954,1
CR_170333,1
CR_14647,1
CR_81172,1
CR_109033,1
CR_128482,1
CR_59093,1
CR_164936,1
CR_165116,1
CR_40803,1
CR_177476,1
CR_110377,1
CR_145763,1
CR_47187,1
CR_189465,1
CR_178162,1
CR_77450,1
CR_86497,1
CR_164701,1
CR_123390,1
CR_73467,1
CR_159718,1
CR_9712,1
CR_144912,1
CR_62635,1
CR_133276,1
CR_73939,1
CR_15333,1
CR_72983,1
CR_167193,1
CR_24099,1
CR_41449,1
CR_11553,1
CR_13354,1
CR_60936,1
CR_144014,1
CR_168135,1
CR_132794,1
CR_174781,1
CR_107383,1
CR_3716,1
CR_140465,1
CR_181477,1
CR_144168,1
CR_122604,1
CR_19546,1
CR_182604,1
CR_23499,0
CR_82699,1
CR_102037,1
CR_59755,1
CR_42334,1
CR_89071,1
CR_8665,1
CR_25976,1
CR_157610,1
CR_137300,1
CR_93520,1
CR_159851,1
CR_64923,1
CR_42989,1
CR_32838,1
CR_178897,1
CR_126433,1
CR_133033,1
CR_53927,1
CR_115955,1
CR_78926,1
CR_109101,1
CR_53818,1
CR_188914,1
CR_70123,1
CR_18988,1
CR_148110,1
CR_174811,1
CR_85256,1
CR_140659,1
CR_189010,1
CR_198195,1
CR_143385,1
CR_83678,1
CR_74722,1
CR_108626,1
CR_175671,1
CR_122784,1
CR_137264,1
CR_50748,1
CR_110356,1
CR_175207,1
CR_197069,1
CR_37473,1
CR_100986,1
CR_85849,1
CR_113720,1
CR_52784,1
CR_5840,1
CR_127802,1
CR_25508,1
CR_47703,1
CR_144253,1
CR_186585,1
CR_109712,1
CR_9301,1
CR_173629,1
CR_56084,1
CR_35802,1
CR_156536,1
CR_96458,1
CR_76489,1
CR_4622,1
CR_147160,0
CR_126027,1
CR_83549,1
CR_151682,1
CR_107334,1
CR_32642,0
CR_58741,1
CR_82534,1
CR_188605,1
CR_166222,1
CR_118206,1
CR_136734,1
CR_26234,1
CR_191879,1
CR_80865,1
CR_52171,1
CR_197678,1
CR_162462,1
CR_4944,1
CR_191055,1
CR_96389,1
CR_21519,1
CR_73460,1
CR_143865,1
CR_162509,1
CR_189783,1
CR_108625,1
CR_136801,1
CR_128822,1
CR_194929,0
CR_29735,1
CR_101104,1
CR_59910,1
CR_32614,0
CR_179238,1
CR_156683,1
CR_191022,1
CR_42269,1
CR_98193,1
CR_81211,1
CR_101230,1
CR_117216,1
CR_2225,1
CR_126163,0
CR_85079,1
CR_170888,1
CR_47421,1
CR_96480,1
CR_143161,1
CR_155941,1
CR_165579,1
CR_62962,1
CR_42579,1
CR_85520,1
CR_140009,1
CR_45955,1
CR_93023,1
CR_99356,1
CR_180878,0
CR_136300,1
CR_51021,1
CR_99683,1
CR_156498,1
CR_55404,1
CR_70502,0
CR_153825,1
CR_70431,0
CR_91392,1
CR_157914,1
CR_175093,1
CR_150789,1
CR_120528,1
CR_2306,1
CR_66209,1
CR_32528,1
CR_98184,1
CR_9673,1
CR_24065,0
CR_177549,1
CR_120052,1
CR_154645,0
CR_30586,1
CR_141094,1
CR_77264,1
CR_1044,1
CR_197521,1
CR_124945,1
CR_35908,1
CR_187760,1
CR_17203,1
CR_7650,1
CR_98398,1
CR_174852,1
CR_4954,1
CR_149798,1
CR_154559,1
CR_93226,1
CR_46160,1
CR_179495,0
CR_165996,1
CR_195023,1
CR_198012,1
CR_110032,1
CR_45021,1
CR_185660,1
CR_168576,1
CR_158501,1
CR_14044,1
CR_115833,1
CR_65133,1
CR_5447,1
CR_91510,1
CR_6348,1
CR_184696,1
CR_30110,1
CR_42516,0
CR_177086,1
CR_77383,1
CR_178859,1
CR_7431,1
CR_77927,1
CR_57378,1
CR_35017,1
CR_83421,1
CR_54571,1
CR_183315,1
CR_103240,1
CR_51064,0
CR_96395,1
CR_151551,1
CR_57830,1
CR_35391,1
CR_122168,1
CR_177606,1
CR_78491,1
CR_137082,1
CR_66251,1
CR_110242,1
CR_154296,1
CR_54855,0
CR_9678,1
CR_81418,1
CR_55890,1
CR_76885,1
CR_3492,1
CR_48955,1
CR_118867,1
CR_160221,1
CR_164718,1
CR_165203,1
CR_164828,1
CR_171438,1
CR_174780,1
CR_36184,1
CR_98887,1
CR_53262,1
CR_31402,0
CR_46098,1
CR_31321,1
CR_69975,1
CR_19611,1
CR_15379,1
CR_21325,1
CR_189335,1
CR_65440,1
CR_24586,1
CR_167723,1
CR_180456,1
CR_100170,1
CR_106088,1
CR_157823,1
CR_87293,1
CR_180220,1
CR_25141,1
CR_177102,1
CR_41038,1
CR_1145,1
CR_181384,1
CR_17634,1
CR_142191,1
CR_88882,1
CR_52668,1
CR_166437,1
CR_42932,1
CR_168326,1
CR_125259,1
CR_138821,1
CR_43155,1
CR_70876,1
CR_109010,1
CR_3398,1
CR_14360,1
CR_132249,1
CR_106607,1
CR_35036,1
CR_7784,1
CR_4711,1
CR_178808,1
CR_96414,1
CR_189736,1
CR_198040,0
CR_17241,1
CR_138516,1
CR_91372,1
CR_95726,1
CR_190959,1
CR_2171,1
CR_23032,1
CR_97271,1
CR_167056,1
CR_114818,1
CR_98778,1
CR_3552,1
CR_197072,1
CR_119899,1
CR_100525,1
CR_34993,1
CR_27645,1
CR_142743,0
CR_88092,1
CR_81038,1
CR_51445,1
CR_4244,1
CR_139257,1
CR_72370,1
CR_173328,1
CR_6147,1
CR_64239,1
CR_43201,1
CR_40843,1
CR_53044,1
CR_57541,1
CR_142424,1
CR_38955,1
CR_178082,1
CR_175582,0
CR_12959,1
CR_44055,1
CR_74488,1
CR_153437,1
CR_104330,1
CR_60943,1
CR_23270,1
CR_168124,1
CR_98987,1
CR_148458,1
CR_174979,1
CR_2721,1
CR_174047,1
CR_137327,1
CR_159928,1
CR_127265,1
CR_34299,1
CR_93505,1
CR_151593,1
CR_108946,1
CR_59078,1
CR_180399,1
CR_57020,1
CR_169795,1
CR_18542,1
CR_8132,1
CR_22783,1
CR_175216,1
CR_31408,1
CR_74219,1
CR_122080,1
CR_93709,1
CR_140437,1
CR_188396,0
CR_94208,1
CR_150853,1
CR_110512,1
CR_15146,1
CR_124,1
CR_147547,1
CR_120920,0
CR_187834,1
CR_155558,1
CR_113206,1
CR_191505,1
CR_153374,1
CR_23924,1
CR_121382,1
CR_79565,1
CR_74151,1
CR_38819,1
CR_22045,1
CR_94582,1
CR_36458,0
CR_150499,1
CR_162702,1
CR_149265,1
CR_19878,1
CR_23841,1
CR_19818,1
CR_93473,1
CR_86857,1
CR_139632,1
CR_188600,1
CR_75603,1
CR_152558,0
CR_184038,1
CR_81886,1
CR_88848,1
CR_65900,0
CR_138840,1
CR_63254,1
CR_153733,1
CR_118154,1
CR_151795,1
CR_90535,1
CR_148899,1
CR_56284,1
CR_101776,1
CR_156253,1
CR_69691,1
CR_108617,1
CR_63834,1
CR_82651,1
CR_62005,1
CR_102836,1
CR_91294,1
CR_180372,1
CR_127819,1
CR_142578,1
CR_143005,1
CR_124050,1
CR_152675,1
CR_183329,1
CR_198065,1
CR_27170,1
CR_16778,0
CR_4645,1
CR_140789,1
CR_145050,1
CR_185187,1
CR_85946,1
CR_15225,1
CR_81390,1
CR_70349,0
CR_47510,1
CR_18982,1
CR_133241,1
CR_134554,1
CR_137681,1
CR_67723,1
CR_172709,1
CR_188390,1
CR_188950,1
CR_976,1
CR_174143,1
CR_133002,1
CR_188393,1
CR_160463,1
CR_149800,1
CR_94064,1
CR_164297,1
CR_1943,1
CR_55383,1
CR_181126,1
CR_194195,1
CR_9464,1
CR_53419,1
CR_123303,0
CR_14116,1
CR_142039,1
CR_25725,1
CR_41394,0
CR_121617,1
CR_47547,1
CR_83857,1
CR_118518,1
CR_99459,1
CR_166417,1
CR_105317,1
CR_35269,1
CR_61226,1
CR_80844,1
CR_50473,1
CR_151260,1
CR_11147,1
CR_4258,1
CR_166773,1
CR_134588,1
CR_151242,1
CR_48242,1
CR_7499,1
CR_155630,1
CR_166574,1
CR_95095,1
CR_74718,1
CR_93540,1
CR_68740,1
CR_38994,1
CR_123914,1
CR_128907,1
CR_101267,1
CR_68177,1
CR_168509,1
CR_91495,1
CR_158572,1
CR_4019,1
CR_34537,1
CR_94373,1
CR_18439,1
CR_127522,1
CR_136067,1
CR_6898,1
CR_94237,1
CR_5360,1
CR_81420,1
CR_184374,1
CR_83279,1
CR_16832,1
CR_42386,1
CR_186405,1
CR_74554,1
CR_103436,1
CR_139023,1
CR_62574,0
CR_166482,1
CR_87567,1
CR_65872,1
CR_107770,1
CR_75728,1
CR_4647,1
CR_81350,1
CR_174427,1
CR_191492,1
CR_170710,1
CR_153455,1
CR_184694,1
CR_42772,0
CR_147563,1
CR_153023,0
CR_160347,1
CR_36386,1
CR_176049,1
CR_42680,1
CR_15306,1
CR_132013,1
CR_133450,1
CR_165274,1
CR_136084,1
CR_115791,1
CR_144027,1
CR_33020,1
CR_1542,1
CR_74640,1
CR_50373,1
CR_142834,1
CR_159748,1
CR_187969,1
CR_85860,1
CR_12877,1
CR_56967,1
CR_183063,1
CR_53171,1
CR_107244,0
CR_174651,1
CR_125921,1
CR_75541,1
CR_60501,1
CR_153279,1
CR_62008,1
CR_54516,1
CR_159535,1
CR_24770,0
CR_89987,1
CR_111523,1
CR_197839,1
CR_194657,1
CR_162107,1
CR_118924,1
CR_160018,1
CR_118009,1
CR_45056,1
CR_68714,1
CR_101649,1
CR_29920,1
CR_192069,1
CR_35925,1
CR_50544,1
CR_67968,1
CR_197842,1
CR_12989,1
CR_9279,1
CR_115789,1
CR_174551,1
CR_194040,1
CR_17257,1
CR_151055,1
CR_132012,1
CR_64451,1
CR_39342,1
CR_5367,1
CR_93377,1
CR_146380,0
CR_33951,0
CR_136665,0
CR_67082,1
CR_131653,1
CR_150900,1
CR_41319,1
CR_51153,1
CR_188357,1
CR_74774,1
CR_1103,1
CR_185204,1
CR_29553,1
CR_117368,0
CR_117397,1
CR_169611,1
CR_54608,0
CR_155272,1
CR_30427,1
CR_92293,1
CR_56596,1
CR_79149,1
CR_25464,1
CR_47320,1
CR_1855,1
CR_1311,1
CR_107097,1
CR_105943,1
CR_14133,1
CR_125883,1
CR_178362,1
CR_157047,1
CR_137229,1
CR_54083,1
CR_23395,1
CR_87060,1
CR_90224,1
CR_31423,1
CR_38249,1
CR_176681,1
CR_107346,1
CR_185392,1
CR_99268,1
CR_56623,1
CR_93742,1
CR_137279,1
CR_153068,1
CR_117479,1
CR_21400,1
CR_98598,1
CR_184264,1
CR_110355,1
CR_187542,1
CR_158006,1
CR_101708,1
CR_138002,1
CR_124335,1
CR_68414,0
CR_63481,1
CR_4146,1
CR_40852,1
CR_160801,1
CR_25816,1
CR_120878,1
CR_66255,1
CR_35588,1
CR_100784,1
CR_183368,1
CR_27308,1
CR_90559,1
CR_81218,0
CR_163329,1
CR_143314,1
CR_192606,1
CR_136668,1
CR_45538,1
CR_178279,1
CR_105067,1
CR_24256,1
CR_161026,1
CR_71724,1
CR_24289,1
CR_134117,1
CR_151370,1
CR_6183,1
CR_41663,1
CR_70053,1
CR_177660,1
CR_195918,1
CR_149919,1
CR_49577,1
CR_134700,1
CR_164388,1
CR_73420,1
CR_68491,1
CR_11406,1
CR_154891,1
CR_102036,1
CR_23344,0
CR_195820,1
CR_179832,1
CR_172710,1
CR_7225,1
CR_82856,1
CR_111937,1
CR_127389,1
CR_37242,1
CR_134483,1
CR_179257,0
CR_122860,1
CR_69772,1
CR_63652,1
CR_111449,1
CR_107108,1
CR_156375,1
CR_58827,0
CR_177388,1
CR_93367,1
CR_90005,1
CR_141817,1
CR_164274,1
CR_130276,1
CR_117522,1
CR_51494,1
CR_4123,1
CR_113095,1
CR_33410,1
CR_16112,1
CR_28547,1
CR_35220,0
CR_12178,1
CR_127429,1
CR_76788,1
CR_2815,1
CR_33595,1
CR_102565,1
CR_11888,1
CR_178765,1
CR_27386,1
CR_29570,1
CR_28672,1
CR_195536,1
CR_2140,1
CR_104376,1
CR_153972,1
CR_92430,1
CR_148689,1
CR_169006,1
CR_136868,1
CR_38701,1
CR_86994,1
CR_161907,1
CR_124646,1
CR_13969,1
CR_77188,1
CR_95934,1
CR_169800,1
CR_73305,1
CR_144771,1
CR_91388,1
CR_182367,1
CR_11105,1
CR_121064,1
CR_109667,1
CR_49484,1
CR_128472,1
CR_190231,1
CR_171821,1
CR_155817,1
CR_93833,1
CR_5875,1
CR_92528,1
CR_197133,1
CR_44284,1
CR_83150,1
CR_20758,1
CR_196181,1
CR_3798,1
CR_84346,1
CR_31052,1
CR_149396,1
CR_103490,1
CR_179069,1
CR_168228,1
CR_165592,1
CR_31781,1
CR_55785,1
CR_181038,1
CR_41258,1
CR_41421,1
CR_40953,1
CR_57542,1
CR_182131,1
CR_23911,1
CR_93190,1
CR_90847,1
CR_159067,1
CR_25912,1
CR_5067,1
CR_149852,1
CR_198408,1
CR_94016,1
CR_45649,1
CR_85313,1
CR_15344,1
CR_87755,0
CR_90494,1
CR_150671,1
CR_87619,1
CR_135097,1
CR_123486,1
CR_30970,1
CR_171972,1
CR_117016,1
CR_169178,1
CR_19053,1
CR_23161,0
CR_38717,1
CR_113161,1
CR_86900,1
CR_23151,1
CR_44516,1
CR_9910,1
CR_133690,1
CR_142879,1
CR_36080,1
CR_104139,1
CR_173619,1
CR_52536,1
CR_102364,1
CR_196151,1
CR_146342,1
CR_55043,1
CR_134301,1
CR_30565,1
CR_85150,1
CR_181588,1
CR_189337,1
CR_9040,0
CR_154761,1
CR_160374,1
CR_120916,1
CR_41952,1
CR_196193,1
CR_162724,0
CR_148901,1
CR_59538,1
CR_78535,1
CR_191857,1
CR_133363,1
CR_39330,0
CR_147891,1
CR_83282,1
CR_189740,1
CR_153908,1
CR_101062,1
CR_72674,1
CR_105196,1
CR_84974,1
CR_1275,1
CR_96866,1
CR_135320,1
CR_131339,1
CR_130758,1
CR_179944,1
CR_132783,1
CR_36712,1
CR_172439,1
CR_154363,1
CR_89858,1
CR_164442,1
CR_42607,1
CR_196083,1
CR_103258,1
CR_149008,0
CR_38187,1
CR_124542,1
CR_61198,1
CR_125142,0
CR_99480,0
CR_185908,1
CR_82499,1
CR_128443,0
CR_93682,1
CR_102546,1
CR_7153,1
CR_181118,1
CR_131059,1
CR_79461,1
CR_192809,1
CR_6181,1
CR_92118,1
CR_153988,1
CR_69179,1
CR_100628,1
CR_27560,1
CR_161679,1
CR_14526,1
CR_189710,1
CR_157836,1
CR_129369,1
CR_135432,1
CR_97744,1
CR_102328,1
CR_100968,1
CR_153523,1
CR_164571,1
CR_90027,1
CR_134016,1
CR_150155,1
CR_72434,1
CR_183381,1
CR_50423,1
CR_197918,1
CR_70597,1
CR_55147,1
CR_192745,1
CR_102398,1
CR_41564,1
CR_47924,1
CR_64110,0
CR_63085,1
CR_41012,1
CR_104890,1
CR_4452,1
CR_193830,1
CR_61273,1
CR_45963,1
CR_4978,1
CR_22752,1
CR_1821,1
CR_53985,1
CR_101813,1
CR_87334,1
CR_52933,1
CR_64369,0
CR_58489,1
CR_62689,1
CR_48954,1
CR_7473,1
CR_84407,1
CR_103797,1
CR_112601,1
CR_155997,1
CR_61236,1
CR_77557,1
CR_122913,1
CR_165082,1
CR_156215,1
CR_148348,1
CR_117683,1
CR_39047,1
CR_13029,1
CR_54592,1
CR_174016,1
CR_85654,1
CR_104626,1
CR_70326,1
CR_49534,1
CR_148930,1
CR_89928,1
CR_129836,1
CR_82978,1
CR_148262,1
CR_128206,1
CR_118923,1
CR_73914,1
CR_94287,1
CR_32203,1
CR_72020,1
CR_7824,1
CR_188235,1
CR_50421,1
CR_82848,1
CR_61645,1
CR_145475,1
CR_69257,1
CR_6123,1
CR_121261,1
CR_142861,1
CR_44490,1
CR_38291,1
CR_30679,1
CR_63625,1
CR_140772,1
CR_7157,1
CR_41404,1
CR_154617,1
CR_192945,1
CR_160270,1
CR_40210,1
CR_89443,1
CR_136703,1
CR_113824,1
CR_54437,1
CR_30978,1
CR_57139,1
CR_136188,1
CR_186308,1
CR_98506,1
CR_133865,1
CR_75011,1
CR_188963,1
CR_169648,1
CR_166576,1
CR_58798,1
CR_10667,1
CR_93946,1
CR_2011,1
CR_64874,1
CR_90922,1
CR_126776,1
CR_129715,1
CR_126563,0
CR_45748,1
CR_99867,1
CR_42161,1
CR_80203,1
CR_19476,1
CR_23839,1
CR_70277,0
CR_31997,1
CR_50534,1
CR_131447,0
CR_139869,1
CR_84060,1
CR_121899,1
CR_129382,1
CR_143084,1
CR_76558,1
CR_173010,1
CR_92696,1
CR_169927,1
CR_179550,1
CR_36767,0
CR_89930,1
CR_27899,1
CR_60709,1
CR_136659,1
CR_186039,1
CR_70943,1
CR_198455,1
CR_95153,1
CR_126431,1
CR_16709,1
CR_173491,1
CR_190026,1
CR_87388,1
CR_183920,1
CR_31419,1
CR_112442,1
CR_182583,1
CR_172440,1
CR_44093,1
CR_95646,1
CR_188595,0
CR_162292,1
CR_125184,1
CR_155683,1
CR_101190,1
CR_110956,1
CR_77110,1
CR_148314,1
CR_36851,0
CR_120585,1
CR_182377,1
CR_187232,1
CR_195509,1
CR_161718,1
CR_50933,1
CR_8684,1
CR_65433,1
CR_64748,1
CR_158969,1
CR_147567,1
CR_4364,1
CR_151420,1
CR_157866,1
CR_5366,1
CR_92839,1
CR_80138,1
CR_117954,1
CR_191249,1
CR_11664,1
CR_37116,1
CR_174404,1
CR_48432,1
CR_103463,1
CR_87655,1
CR_93260,1
CR_19269,1
CR_185662,1
CR_172073,1
CR_50654,1
CR_98356,1
CR_194203,1
CR_85771,1
CR_102729,1
CR_177445,1
CR_124917,1
CR_4037,1
CR_26010,1
CR_138209,0
CR_55452,1
CR_74527,1
CR_32629,0
CR_111951,1
CR_129030,0
CR_4735,1
CR_90992,1
CR_185747,1
CR_75671,1
CR_98813,0
CR_51938,1
CR_174871,1
CR_166928,1
CR_12287,1
CR_139757,1
CR_29145,1
CR_30541,1
CR_60404,1
CR_39718,1
CR_107598,1
CR_162852,1
CR_75951,0
CR_40188,1
CR_17658,1
CR_145992,1
CR_131239,1
CR_119049,1
CR_51567,1
CR_150540,1
CR_62814,0
CR_163505,1
CR_4648,1
CR_134069,1
CR_148739,0
CR_90332,1
CR_129482,0
CR_166087,1
CR_147546,1
CR_120345,1
CR_301,1
CR_177371,1
CR_133824,1
CR_63725,1
CR_163041,1
CR_121606,1
CR_11863,1
CR_85185,1
CR_39764,1
CR_126646,1
CR_29580,1
CR_73214,1
CR_178026,1
CR_65469,1
CR_97391,1
CR_57090,1
CR_125404,1
CR_108159,1
CR_162999,1
CR_107826,1
CR_152220,1
CR_96493,1
CR_170805,1
CR_134014,1
CR_88163,1
CR_144803,1
CR_68130,1
CR_145308,1
CR_46975,0
CR_182103,1
CR_84524,1
CR_55508,1
CR_97258,1
CR_118230,1
CR_156545,1
CR_156511,1
CR_156487,1
CR_112465,1
CR_57701,1
CR_116788,1
CR_106688,1
CR_27922,1
CR_104175,1
CR_48160,1
CR_156827,1
CR_81693,1
CR_114900,1
CR_57921,1
CR_11790,1
CR_39677,1
CR_194772,1
CR_112434,1
CR_108924,1
CR_35702,1
CR_17485,1
CR_187331,1
CR_184597,1
CR_20471,1
CR_35194,1
CR_37005,0
CR_90814,1
CR_31749,1
CR_187211,1
CR_129311,1
CR_127847,1
CR_177944,1
CR_122599,1
CR_55075,1
CR_47331,1
CR_100121,1
CR_45178,1
CR_81068,1
CR_198324,1
CR_56155,1
CR_135215,1
CR_189033,1
CR_22675,1
CR_121267,1
CR_87798,1
CR_135578,1
CR_91323,1
CR_148757,1
CR_93127,1
CR_67834,1
CR_21719,1
CR_79836,1
CR_75834,1
CR_146761,1
CR_33341,1
CR_138206,1
CR_197829,1
CR_44352,1
CR_50296,1
CR_149616,1
CR_42502,1
CR_130192,1
CR_186639,0
CR_94752,1
CR_112030,1
CR_56331,1
CR_131597,1
CR_69882,1
CR_163668,1
CR_145274,1
CR_36146,1
CR_55249,1
CR_70346,1
CR_167083,1
CR_45634,1
CR_17972,1
CR_15381,1
CR_101054,1
CR_192578,1
CR_72591,1
CR_28305,1
CR_160856,1
CR_189512,1
CR_139518,1
CR_67132,1
CR_125356,1
CR_117438,1
CR_23164,1
CR_100806,1
CR_16699,1
CR_109662,1
CR_35919,1
CR_74162,1
CR_68734,1
CR_51572,1
CR_149706,1
CR_135370,1
CR_53754,1
CR_174311,1
CR_111335,1
CR_175832,1
CR_112822,1
CR_6457,1
CR_184288,1
CR_91909,1
CR_66978,1
CR_47165,1
CR_71713,1
CR_167527,1
CR_100770,1
CR_7507,1
CR_134800,1
CR_188301,1
CR_55957,1
CR_135016,1
CR_83867,1
CR_126477,1
CR_181028,1
CR_85890,1
CR_64092,0
CR_141289,1
CR_65717,1
CR_43536,1
CR_193629,1
CR_136954,1
CR_168128,1
CR_70543,1
CR_192760,1
CR_121504,1
CR_1960,1
CR_13713,1
CR_105524,1
CR_80816,1
CR_30600,1
CR_80737,1
CR_72797,1
CR_109538,1
CR_160773,1
CR_142356,1
CR_77182,1
CR_140511,0
CR_129426,1
CR_114919,1
CR_186118,1
CR_34406,1
CR_118606,1
CR_196744,1
CR_159378,1
CR_146547,1
CR_95207,1
CR_63501,1
CR_132945,1
CR_134398,1
CR_77312,1
CR_134844,1
CR_56407,1
CR_82670,1
CR_163441,1
CR_76874,1
CR_19283,0
CR_144190,1
CR_69384,1
CR_189767,1
CR_174175,1
CR_67593,1
CR_156113,1
CR_155046,1
CR_103943,0
CR_172506,1
CR_176429,1
CR_3727,1
CR_81461,1
CR_123500,1
CR_105851,1
CR_5278,1
CR_170082,1
CR_128763,1
CR_190384,1
CR_148480,1
CR_173492,1
CR_137567,1
CR_91695,1
CR_90112,1
CR_88823,1
CR_125300,1
CR_161318,1
CR_120221,1
CR_50713,1
CR_194880,1
CR_37105,1
CR_19827,1
CR_139046,1
CR_156605,1
CR_155209,1
CR_82706,1
CR_9560,1
CR_43193,1
CR_7314,1
CR_6414,1
CR_23052,1
CR_183782,1
CR_175826,1
CR_3644,1
CR_95652,0
CR_180569,1
CR_179284,0
CR_69092,1
CR_193725,1
CR_140665,1
CR_117897,1
CR_164979,1
CR_173678,1
CR_29446,1
CR_86784,1
CR_178104,1
CR_33730,1
CR_190699,1
CR_112467,1
CR_114352,1
CR_168396,1
CR_122964,1
CR_99133,0
CR_30000,1
CR_192569,1
CR_11766,1
CR_172958,1
CR_12616,1
CR_71882,1
CR_33539,1
CR_69685,1
CR_37612,1
CR_127688,1
CR_24694,1
CR_13170,1
CR_105388,1
CR_75668,1
CR_67622,1
CR_82842,1
CR_40452,1
CR_98822,1
CR_188116,1
CR_92555,1
CR_159280,1
CR_109937,1
CR_197429,1
CR_98079,1
CR_185621,1
CR_114459,1
CR_59921,1
CR_84695,0
CR_75315,0
CR_37158,1
CR_15562,1
CR_171787,1
CR_46201,1
CR_73963,1
CR_46665,0
CR_105520,1
CR_52805,1
CR_113966,1
CR_80891,0
CR_106113,1
CR_126255,1
CR_143947,1
CR_87141,1
CR_89677,1
CR_127868,1
CR_60596,1
CR_122545,1
CR_74193,1
CR_41568,1
CR_25175,1
CR_123855,1
CR_70724,1
CR_37028,1
CR_15377,1
CR_6863,1
CR_124956,1
CR_124047,1
CR_6424,1
CR_124551,1
CR_157896,1
CR_72013,1
CR_119672,1
CR_153185,1
CR_91328,1
CR_107660,1
CR_104696,1
CR_65483,1
CR_80772,1
CR_23562,1
CR_133471,1
CR_93745,1
CR_14627,1
CR_107294,1
CR_98821,1
CR_189244,1
CR_123021,1
CR_108129,1
CR_166991,1
CR_140298,1
CR_130958,1
CR_192737,1
CR_104823,1
CR_16905,1
CR_165631,1
CR_129654,1
CR_163374,1
CR_174660,1
CR_148124,1
CR_80869,1
CR_6127,0
CR_76340,1
CR_9947,1
CR_168042,1
CR_84999,1
CR_144681,1
CR_58295,1
CR_35167,1
CR_111241,1
CR_38648,1
CR_93429,1
CR_69778,1
CR_177312,1
CR_197718,1
CR_39449,1
CR_60464,1
CR_47412,1
CR_3076,1
CR_60071,1
CR_197102,1
CR_9446,1
CR_134771,1
CR_186046,1
CR_97689,1
CR_27506,1
CR_130008,1
CR_150360,1
CR_94186,1
CR_17880,1
CR_131377,1
CR_153276,1
CR_114097,1
CR_71073,1
CR_137609,1
CR_192665,1
CR_157553,1
CR_31533,1
CR_118740,1
CR_113817,1
CR_70518,1
CR_114647,1
CR_154,0
CR_61856,1
CR_164046,1
CR_141377,1
CR_96809,1
CR_149924,1
CR_121818,1
CR_144869,1
CR_107312,1
CR_29155,1
CR_34362,1
CR_185411,1
CR_33809,1
CR_191977,1
CR_85504,1
CR_59521,1
CR_157991,1
CR_30730,1
CR_96639,0
CR_9287,1
CR_66836,1
CR_58702,1
CR_181728,1
CR_139423,1
CR_196779,1
CR_119303,1
CR_58239,1
CR_87345,1
CR_10180,1
CR_155535,0
CR_54909,1
CR_120816,1
CR_94575,1
CR_100190,1
CR_25056,1
CR_86241,1
CR_17391,1
CR_27000,1
CR_146671,0
CR_117721,0
CR_96189,1
CR_99911,1
CR_90406,1
CR_79760,1
CR_162050,1
CR_51154,1
CR_58768,1
CR_42473,1
CR_95150,1
CR_67730,1
CR_112916,1
CR_76633,1
CR_53191,1
CR_78022,1
CR_196938,1
CR_167468,1
CR_182017,1
CR_189048,1
CR_3875,1
CR_17217,1
CR_192640,1
CR_49680,1
CR_81628,1
CR_33681,1
CR_128392,1
CR_116791,1
CR_188181,1
CR_135381,1
CR_35230,1
CR_44068,1
CR_148808,1
CR_5369,1
CR_130261,1
CR_101800,1
CR_182771,1
CR_65231,1
CR_7752,1
CR_151329,1
CR_20914,1
CR_156495,1
CR_39163,1
CR_32603,1
CR_41996,1
CR_42133,1
CR_20369,1
CR_1990,1
CR_66276,1
CR_119282,1
CR_187678,1
CR_53993,1
CR_181594,1
CR_154131,1
CR_123373,1
CR_186573,1
CR_82227,1
CR_30170,1
CR_103253,1
CR_114177,1
CR_88676,1
CR_23,1
CR_59536,1
CR_27797,1
CR_93146,1
CR_38353,1
CR_47712,1
CR_119417,1
CR_79472,1
CR_166993,1
CR_109596,1
CR_48596,1
CR_82688,1
CR_173904,1
CR_153245,1
CR_188590,1
CR_119143,1
CR_113137,1
CR_161204,1
CR_60194,1
CR_56972,1
CR_57026,1
CR_119818,1
CR_71230,1
CR_123089,1
CR_191122,1
CR_12972,1
CR_87328,1
CR_47093,0
CR_170844,1
CR_88869,1
CR_167950,1
CR_43554,1
CR_181869,1
CR_76233,1
CR_64698,1
CR_151640,1
CR_45031,1
CR_139748,0
CR_101740,1
CR_33563,0
CR_180900,1
CR_91691,1
CR_111870,1
CR_179771,1
CR_152883,1
CR_33355,1
CR_143524,0
CR_18065,1
CR_15329,1
CR_27130,1
CR_179785,1
CR_12908,1
CR_172780,1
CR_135346,1
CR_17222,1
CR_88109,1
CR_114147,1
CR_191872,1
CR_155056,1
CR_141385,1
CR_161400,1
CR_29439,1
CR_59978,1
CR_7971,1
CR_120938,1
CR_6045,1
CR_123835,0
CR_51424,1
CR_134090,1
CR_4744,1
CR_145064,1
CR_64026,1
CR_195143,1
CR_112689,1
CR_59331,1
CR_89710,1
CR_103470,1
CR_162227,1
CR_53963,1
CR_25208,1
CR_13537,1
CR_127956,1
CR_61327,1
CR_165616,1
CR_7266,1
CR_124660,1
CR_44423,1
CR_179650,1
CR_131974,1
CR_8175,1
CR_162028,1
CR_4516,1
CR_29653,1
CR_172173,1
CR_196520,1
CR_39951,1
CR_84649,1
CR_82097,1
CR_9869,1
CR_174987,1
CR_152045,1
CR_141533,1
CR_5698,1
CR_80365,1
CR_137744,1
CR_156530,1
CR_19307,1
CR_198542,0
CR_180714,1
CR_182820,1
CR_169866,1
CR_79628,0
CR_191080,1
CR_33618,0
CR_144214,1
CR_97992,1
CR_77518,1
CR_154586,1
CR_147291,1
CR_197594,1
CR_92901,1
CR_6920,1
CR_22788,1
CR_76475,1
CR_44336,1
CR_171163,1
CR_63707,1
CR_61074,1
CR_86411,1
CR_106453,1
CR_86135,1
CR_170038,1
CR_88836,1
CR_108125,1
CR_110887,1
CR_127811,1
CR_68668,1
CR_177649,1
CR_71188,1
CR_107293,1
CR_85821,1
CR_4847,1
CR_21922,1
CR_154734,1
CR_49602,1
CR_69288,1
CR_188733,1
CR_56989,1
CR_44173,1
CR_19333,1
CR_170354,1
CR_114253,1
CR_171929,1
CR_76202,1
CR_135404,1
CR_49302,1
CR_120813,1
CR_19181,1
CR_72548,1
CR_26358,1
CR_156251,1
CR_20606,1
CR_10147,1
CR_19919,1
CR_31227,1
CR_80491,1
CR_138823,1
CR_154117,1
CR_27470,1
CR_116372,1
CR_26443,1
CR_186591,1
CR_170173,1
CR_182195,1
CR_6370,1
CR_29727,1
CR_120036,0
CR_3759,1
CR_33603,1
CR_168599,1
CR_11792,1
CR_140841,1
CR_193693,1
CR_71253,1
CR_165544,1
CR_109852,1
CR_129047,1
CR_36399,1
CR_152275,1
CR_66211,1
CR_170112,1
CR_57183,1
CR_72624,1
CR_605,1
CR_69755,1
CR_152845,0
CR_120740,0
CR_139567,1
CR_166436,1
CR_170051,1
CR_111342,1
CR_3510,1
CR_60395,1
CR_90750,1
CR_131890,1
CR_93940,1
CR_31220,1
CR_103670,1
CR_93239,1
CR_165888,1
CR_18919,1
CR_179178,1
CR_93102,0
CR_181599,1
CR_141797,1
CR_92924,1
CR_139797,1
CR_193025,1
CR_16594,1
CR_17558,1
CR_142420,1
CR_108809,1
CR_72295,1
CR_87904,1
CR_109844,1
CR_39145,1
CR_65137,1
CR_104714,1
CR_71336,1
CR_122591,1
CR_136655,1
CR_109068,1
CR_122766,1
CR_20688,1
CR_10527,1
CR_161734,1
CR_4709,1
CR_74026,1
CR_154236,1
CR_120981,1
CR_81141,1
CR_143265,1
CR_100319,1
CR_88720,1
CR_9477,1
CR_187664,1
CR_194717,1
CR_121844,1
CR_147793,1
CR_160632,1
CR_29770,1
CR_25152,1
CR_180237,1
CR_139970,1
CR_130536,1
CR_17439,1
CR_26398,1
CR_137112,1
CR_21484,1
CR_95917,1
CR_124896,1
CR_10935,1
CR_187525,1
CR_138547,1
CR_44060,1
CR_192174,1
CR_71973,1
CR_3084,1
CR_99147,1
CR_69394,1
CR_156539,1
CR_107769,1
CR_162071,1
CR_89854,1
CR_152296,1
CR_87450,1
CR_151921,1
CR_21784,1
CR_26732,1
CR_193645,1
CR_63680,1
CR_31516,1
CR_155001,1
CR_19013,1
CR_21578,1
CR_190957,1
CR_38599,1
CR_70688,1
CR_133296,1
CR_139798,1
CR_91458,1
CR_176349,1
CR_120375,1
CR_24173,1
CR_54610,0
CR_2823,1
CR_64590,1
CR_96026,1
CR_163364,1
CR_125967,1
CR_13565,1
CR_142688,1
CR_103121,1
CR_77730,1
CR_128607,1
CR_45887,1
CR_33536,1
CR_126705,1
CR_169936,1
CR_40194,1
CR_177098,1
CR_188207,1
CR_30858,1
CR_54194,1
CR_100103,1
CR_30788,1
CR_168453,1
CR_49580,1
CR_75047,1
CR_84956,1
CR_15725,1
CR_134201,1
CR_185925,1
CR_83634,1
CR_87081,1
CR_77630,1
CR_52749,1
CR_57207,1
CR_197230,1
CR_63760,0
CR_90155,1
CR_156932,1
CR_34394,1
CR_15410,1
CR_183597,1
CR_22115,1
CR_73078,1
CR_639,1
CR_30830,1
CR_40294,1
CR_144275,1
CR_44766,1
CR_72255,1
CR_144331,1
CR_126843,1
CR_110674,1
CR_28615,1
CR_22604,1
CR_98647,1
CR_123939,1
CR_106257,1
CR_164108,1
CR_33135,1
CR_42333,1
CR_169811,1
CR_195825,1
CR_96116,1
CR_68755,1
CR_65142,1
CR_197003,1
CR_144992,1
CR_31905,1
CR_174322,1
CR_95292,1
CR_31282,1
CR_39038,1
CR_71366,1
CR_176187,1
CR_34444,0
CR_104989,1
CR_4887,1
CR_29985,1
CR_87974,1
CR_59244,1
CR_68824,1
CR_105892,1
CR_56294,1
CR_97146,1
CR_102309,1
CR_117843,1
CR_73926,1
CR_97270,1
CR_28117,1
CR_169700,1
CR_136273,1
CR_81873,1
CR_126520,1
CR_118573,1
CR_161741,1
CR_32340,1
CR_136136,1
CR_45633,1
CR_126792,1
CR_129431,1
CR_196472,1
CR_1551,1
CR_68231,1
CR_145613,1
CR_88011,1
CR_72389,1
CR_98340,1
CR_84795,1
CR_57633,1
CR_70809,1
CR_198778,1
CR_96229,1
CR_125460,0
CR_177637,1
CR_189266,1
CR_106220,1
CR_129017,1
CR_91795,1
CR_88269,1
CR_155714,1
CR_191801,1
CR_75457,1
CR_141172,1
CR_109115,1
CR_147296,1
CR_45163,1
CR_109578,1
CR_37827,1
CR_72070,1
CR_84436,1
CR_121863,1
CR_3118,1
CR_110008,1
CR_169993,1
CR_121952,1
CR_160200,1
CR_171676,1
CR_41073,1
CR_78250,1
CR_46220,1
CR_94753,1
CR_23809,1
CR_132706,0
CR_73655,1
CR_113503,0
CR_47447,1
CR_198523,1
CR_139683,1
CR_54647,1
CR_87134,1
CR_177880,1
CR_128278,1
CR_84182,0
CR_148822,1
CR_30120,1
CR_60200,1
CR_157188,1
CR_26423,1
CR_71197,1
CR_25943,1
CR_48139,1
CR_41652,1
CR_198519,1
CR_95856,1
CR_150801,1
CR_165257,1
CR_8363,1
CR_79283,1
CR_164028,1
CR_21050,1
CR_117882,1
CR_129053,1
CR_104756,1
CR_12593,1
CR_172519,1
CR_143491,1
CR_97199,1
CR_177018,1
CR_192743,1
CR_53923,1
CR_20424,1
CR_106947,1
CR_129015,1
CR_83842,1
CR_46835,1
CR_31411,1
CR_14499,1
CR_188199,1
CR_187776,1
CR_44178,1
CR_31075,1
CR_67811,1
CR_513,1
CR_140366,1
CR_122871,1
CR_160367,1
CR_54514,1
CR_108004,1
CR_136519,1
CR_131228,1
CR_156115,1
CR_156509,1
CR_177361,1
CR_132129,1
CR_695,1
CR_11404,1
CR_162597,1
CR_154584,1
CR_63123,1
CR_62665,1
CR_171442,1
CR_14743,1
CR_113842,1
CR_4373,1
CR_164424,1
CR_47874,1
CR_146262,1
CR_113767,1
CR_160755,1
CR_53040,1
CR_148560,1
CR_44296,1
CR_189064,1
CR_56557,1
CR_61471,1
CR_126396,0
CR_156466,1
CR_99934,1
CR_148954,1
CR_49192,1
CR_18121,1
CR_113818,1
CR_149253,1
CR_176673,1
CR_94343,1
CR_59315,1
CR_8280,1
CR_175053,0
CR_2959,1
CR_1750,1
CR_97214,1
CR_175597,1
CR_11409,1
CR_150190,1
CR_28723,1
CR_77982,0
CR_4217,1
CR_93673,1
CR_146551,1
CR_16689,1
CR_138863,1
CR_81145,1
CR_23835,1
CR_146582,1
CR_73664,1
CR_59691,1
CR_180887,1
CR_187130,1
CR_124988,1
CR_42043,1
CR_77233,1
CR_168587,1
CR_2753,1
CR_26643,1
CR_133915,1
CR_14140,1
CR_3153,1
CR_155806,1
CR_72704,1
CR_167835,1
CR_35238,1
CR_171573,0
CR_167774,1
CR_33269,1
CR_91211,1
CR_67432,1
CR_169034,1
CR_65009,1
CR_191027,1
CR_161030,1
CR_123160,1
CR_118200,1
CR_172995,1
CR_99362,1
CR_22914,1
CR_103449,1
CR_162788,1
CR_133841,1
CR_1033,1
CR_132084,1
CR_17213,1
CR_162470,1
CR_72303,1
CR_77713,1
CR_78784,1
CR_90138,1
CR_19079,1
CR_169308,1
CR_41176,1
CR_80457,1
CR_26787,1
CR_178963,1
CR_172626,1
CR_8993,1
CR_178804,1
CR_56441,1
CR_46507,1
CR_126143,1
CR_144518,1
CR_186989,1
CR_12289,1
CR_76049,1
CR_37755,1
CR_143894,1
CR_181163,1
CR_131622,1
CR_90425,1
CR_20457,1
CR_38995,1
CR_138199,1
CR_190067,1
CR_27049,1
CR_192759,1
CR_192181,1
CR_29254,1
CR_86208,1
CR_66036,1
CR_101169,1
CR_85386,0
CR_72732,1
CR_84243,0
CR_175793,1
CR_136100,1
CR_6843,1
CR_197806,0
CR_116120,1
CR_25099,1
CR_136514,1
CR_151706,1
CR_133842,1
CR_166311,1
CR_132232,1
CR_155436,1
CR_115661,1
CR_131888,1
CR_164167,1
CR_85221,1
CR_192343,1
CR_63657,1
CR_12278,1
CR_35651,1
CR_24872,0
CR_180301,1
CR_42916,1
CR_132480,1
CR_49239,1
CR_144538,1
CR_147348,1
CR_77321,1
CR_170995,1
CR_97769,1
CR_187332,1
CR_185111,1
CR_35174,1
CR_146483,1
CR_66359,1
CR_77516,1
CR_65591,1
CR_38841,1
CR_156522,1
CR_80464,1
CR_41172,1
CR_81499,1
CR_31578,1
CR_14031,1
CR_150007,1
CR_144252,1
CR_63697,1
CR_47877,1
CR_118016,1
CR_118608,1
CR_127036,1
CR_26336,0
CR_75211,0
CR_144809,1
CR_48320,1
CR_37109,1
CR_89882,1
CR_134701,1
CR_19829,1
CR_25195,1
CR_70115,1
CR_36929,1
CR_119809,1
CR_858,1
CR_26952,1
CR_102906,1
CR_14099,1
CR_183277,1
CR_191910,1
CR_195942,1
CR_29786,1
CR_132199,1
CR_163961,1
CR_1337,1
CR_128799,1
CR_183334,1
CR_160648,1
CR_101827,1
CR_122138,1
CR_189231,1
CR_139072,1
CR_123578,1
CR_16022,1
CR_57878,1
CR_95924,1
CR_46765,1
CR_130436,1
CR_15464,1
CR_171326,1
CR_147977,1
CR_100308,1
CR_61877,1
CR_41331,1
CR_127031,1
CR_180984,1
CR_58795,1
CR_164434,1
CR_41093,1
CR_62896,1
CR_97630,1
CR_100107,1
CR_180594,1
CR_31197,1
CR_185162,1
CR_80407,1
CR_194072,1
CR_192779,1
CR_5347,1
CR_143410,1
CR_106021,1
CR_195616,1
CR_173767,1
CR_54486,1
CR_118317,1
CR_158733,1
CR_152407,1
CR_104400,1
CR_126474,1
CR_3661,1
CR_139875,1
CR_24350,1
CR_100157,1
CR_10612,1
CR_157576,1
CR_21082,1
CR_124544,1
CR_107673,1
CR_124873,1
CR_158702,1
CR_73712,1
CR_56489,1
CR_133721,0
CR_59757,1
CR_58259,1
CR_111162,1
CR_155639,1
CR_191843,1
CR_146699,1
CR_67265,1
CR_17266,1
CR_67447,1
CR_171266,1
CR_30981,1
CR_139936,1
CR_18975,1
CR_94662,1
CR_55476,1
CR_71567,1
CR_135152,1
CR_116088,1
CR_169889,1
CR_103565,1
CR_77433,1
CR_123134,1
CR_79393,0
CR_114145,1
CR_125933,1
CR_24891,1
CR_184671,1
CR_66111,1
CR_28523,1
CR_17094,1
CR_162814,1
CR_48874,1
CR_102607,1
CR_176121,1
CR_8891,1
CR_66252,1
CR_196914,1
CR_50076,1
CR_122601,1
CR_114523,1
CR_56887,1
CR_174085,1
CR_84800,1
CR_128434,1
CR_191338,1
CR_103816,1
CR_4463,1
CR_76154,1
CR_10761,1
CR_16315,1
CR_15777,1
CR_108162,1
CR_190488,1
CR_123637,1
CR_67427,1
CR_39930,1
CR_146779,1
CR_20839,1
CR_26875,1
CR_74995,1
CR_77821,1
CR_126914,0
CR_129979,1
CR_46948,1
CR_198338,1
CR_140776,1
CR_88520,1
CR_31876,1
CR_46168,1
CR_148408,1
CR_99294,1
CR_71662,1
CR_117581,1
CR_1756,1
CR_52818,1
CR_114855,1
CR_141867,1
CR_140896,1
CR_82422,1
CR_118949,1
CR_39289,1
CR_103089,1
CR_165266,1
CR_17848,1
CR_12599,0
CR_28030,1
CR_152208,1
CR_107057,1
CR_74319,1
CR_180975,1
CR_114710,1
CR_73760,1
CR_7410,1
CR_194423,1
CR_104677,1
CR_10225,1
CR_190536,1
CR_165057,1
CR_163613,1
CR_15561,1
CR_187778,1
CR_32087,1
CR_116800,1
CR_176209,1
CR_132248,1
CR_192634,1
CR_162264,1
CR_140017,1
CR_75239,1
CR_183903,1
CR_33301,1
CR_15694,1
CR_162314,1
CR_841,1
CR_165951,1
CR_73339,1
CR_153122,1
CR_63023,1
CR_130384,1
CR_188554,1
CR_143587,1
CR_191253,1
CR_100127,1
CR_30046,1
CR_3575,1
CR_77868,1
CR_84070,1
CR_25986,1
CR_15525,1
CR_44320,1
CR_52185,1
CR_63768,0
CR_185115,1
CR_136157,0
CR_159509,1
CR_146872,0
CR_195121,1
CR_63910,1
CR_120780,1
CR_149664,1
CR_132393,0
CR_162477,1
CR_125504,1
CR_59482,0
CR_126465,1
CR_146232,0
CR_122257,1
CR_192545,0
CR_10157,0
CR_45976,1
CR_42821,1
CR_46081,1
CR_122331,1
CR_191501,0
CR_30368,1
CR_171351,1
CR_138700,1
CR_48055,1
CR_87526,1
CR_68279,1
CR_83058,1
CR_71237,1
CR_146802,1
CR_190607,1
CR_99618,1
CR_34004,1
CR_100145,1
CR_39660,1
CR_151249,1
CR_26397,1
CR_195707,1
CR_90596,1
CR_85768,1
CR_93393,1
CR_32198,1
CR_3403,1
CR_106500,1
CR_68979,1
CR_158619,1
CR_20488,1
CR_5089,1
CR_1547,1
CR_64680,1
CR_127185,1
CR_161618,1
CR_47515,1
CR_107272,1
CR_40921,1
CR_182254,1
CR_68055,1
CR_157203,1
CR_65551,1
CR_65769,1
CR_41779,1
CR_139050,1
CR_73991,1
CR_191821,1
CR_2568,1
CR_45578,1
CR_166844,1
CR_64482,1
CR_190556,1
CR_194690,1
CR_152542,1
CR_85459,1
CR_171617,1
CR_139412,1
CR_66212,1
CR_40535,1
CR_184857,1
CR_118367,1
CR_144515,1
CR_44164,1
CR_140858,1
CR_192575,1
CR_167639,1
CR_103744,1
CR_4206,1
CR_40422,1
CR_115205,1
CR_58195,1
CR_1005,1
CR_93352,1
CR_146807,1
CR_196396,1
CR_48936,1
CR_131455,1
CR_79864,1
CR_10728,1
CR_164793,1
CR_74608,1
CR_143440,1
CR_91062,1
CR_8830,1
CR_6728,1
CR_94675,1
CR_15529,1
CR_20921,1
CR_181719,1
CR_194295,1
CR_128470,1
CR_105105,1
CR_116281,1
CR_182392,1
CR_154430,1
CR_153998,1
CR_43186,1
CR_78992,1
CR_1543,1
CR_24174,1
CR_69247,1
CR_168363,0
CR_60732,1
CR_52630,1
CR_147917,0
CR_84229,1
CR_182580,1
CR_163878,1
CR_36595,1
CR_175485,1
CR_109780,1
CR_70124,1
CR_144262,1
CR_184830,1
CR_52040,1
CR_189771,1
CR_141097,1
CR_5650,1
CR_29240,1
CR_89829,1
CR_160024,1
CR_120283,1
CR_82285,1
CR_62370,0
CR_186692,1
CR_82812,1
CR_76570,1
CR_26778,1
CR_148281,1
CR_86732,1
CR_137880,1
CR_15404,1
CR_91811,1
CR_172475,1
CR_160655,1
CR_186073,1
CR_43540,1
CR_94720,1
CR_73657,1
CR_12172,1
CR_131745,1
CR_55163,1
CR_55544,1
CR_5827,1
CR_131494,1
CR_107695,1
CR_115840,1
CR_18729,1
CR_63639,1
CR_192657,1
CR_18953,1
CR_190477,1
CR_142794,1
CR_178352,0
CR_35411,1
CR_121663,1
CR_164048,1
CR_190252,1
CR_3882,1
CR_44324,1
CR_43297,1
CR_149783,1
CR_198393,1
CR_111495,1
CR_192007,1
CR_132300,1
CR_15144,1
CR_4787,1
CR_79810,1
CR_99673,1
CR_106979,1
CR_193960,1
CR_53741,1
CR_160381,1
CR_126820,1
CR_158611,1
CR_130435,1
CR_198025,1
CR_71396,1
CR_98685,1
CR_135130,1
CR_147808,1
CR_184466,1
CR_54284,1
CR_161299,1
CR_19375,1
CR_129481,1
CR_26826,1
CR_14256,1
CR_182215,1
CR_93162,1
CR_163586,1
CR_27384,1
CR_30267,1
CR_131705,1
CR_162854,1
CR_70869,1
CR_148865,1
CR_53661,1
CR_28818,1
CR_17560,1
CR_147219,1
CR_31191,1
CR_68220,1
CR_197467,1
CR_105976,1
CR_102361,0
CR_25966,1
CR_133705,1
CR_171106,1
CR_132399,1
CR_78770,1
CR_153071,1
CR_124845,1
CR_76474,1
CR_19700,1
CR_100045,1
CR_100137,1
CR_177099,0
CR_114623,1
CR_143484,1
CR_111985,1
CR_184760,1
CR_34202,1
CR_152309,1
CR_30117,1
CR_66813,1
CR_158510,0
CR_95144,1
CR_181646,1
CR_14812,1
CR_6851,1
CR_179337,1
CR_47899,1
CR_60755,1
CR_10524,1
CR_74982,1
CR_147486,1
CR_190224,1
CR_40644,1
CR_123049,1
CR_109982,0
CR_63996,1
CR_31140,1
CR_55981,1
CR_56129,1
CR_56041,0
CR_92641,1
CR_144325,1
CR_40199,1
CR_181693,0
CR_96035,1
CR_78217,1
CR_122170,0
CR_169095,1
CR_22153,1
CR_51724,1
CR_49930,1
CR_46906,1
CR_38577,1
CR_55782,1
CR_185813,1
CR_123662,1
CR_11239,1
CR_126736,1
CR_61616,1
CR_89880,1
CR_25375,1
CR_143753,1
CR_67215,1
CR_72829,1
CR_153112,1
CR_168295,1
CR_100438,1
CR_53329,1
CR_88813,1
CR_33905,1
CR_5464,1
CR_177861,1
CR_140796,1
CR_93907,1
CR_43564,0
CR_72622,1
CR_57545,1
CR_69002,1
CR_44057,1
CR_103478,1
CR_118668,1
CR_18548,1
CR_60939,1
CR_174300,1
CR_195194,1
CR_184532,1
CR_62407,1
CR_120160,1
CR_96370,0
CR_175346,1
CR_18003,1
CR_88250,1
CR_19515,1
CR_198726,1
CR_105659,1
CR_109727,1
CR_161685,1
CR_28999,1
CR_154648,1
CR_118257,1
CR_181609,0
CR_75903,1
CR_197944,1
CR_194792,1
CR_81884,1
CR_1829,1
CR_193415,1
CR_36642,1
CR_26468,1
CR_109149,1
CR_64084,1
CR_56256,1
CR_115024,1
CR_5459,1
CR_48234,1
CR_44828,1
CR_124332,1
CR_107084,1
CR_196082,0
CR_36807,1
CR_195952,1
CR_162824,1
CR_33761,1
CR_7928,1
CR_68215,1
CR_45602,1
CR_122794,1
CR_176728,1
CR_78773,1
CR_75034,1
CR_163588,1
CR_29251,1
CR_3312,1
CR_173945,0
CR_184675,1
CR_117130,1
CR_139556,1
CR_127059,1
CR_120705,1
CR_117925,1
CR_16359,1
CR_111347,1
CR_19294,1
CR_150830,1
CR_129065,1
CR_98247,1
CR_133357,1
CR_64255,1
CR_52096,1
CR_146831,1
CR_182509,1
CR_113019,1
CR_177790,1
CR_990,1
CR_61627,1
CR_182485,1
CR_152122,1
CR_108746,1
CR_50833,1
CR_166554,1
CR_166618,1
CR_148700,1
CR_169013,1
CR_33313,1
CR_167653,1
CR_112525,1
CR_153445,1
CR_84690,0
CR_22680,1
CR_129727,1
CR_121,1
CR_86630,1
CR_97416,1
CR_127713,1
CR_143137,1
CR_167973,1
CR_117150,1
CR_115240,1
CR_89299,1
CR_175944,1
CR_72684,1
CR_120853,1
CR_15873,1
CR_155990,1
CR_51712,1
CR_22093,1
CR_43242,1
CR_57708,1
CR_64231,1
CR_171492,1
CR_26811,1
CR_181510,1
CR_135449,1
CR_138300,1
CR_116182,1
CR_15085,1
CR_146579,1
CR_71658,0
CR_152224,1
CR_102603,1
CR_89223,1
CR_183966,1
CR_3432,1
CR_131977,1
CR_90075,1
CR_161487,1
CR_131862,1
CR_44188,1
CR_164668,1
CR_181686,0
CR_49726,1
CR_29391,1
CR_84233,1
CR_93854,1
CR_32267,1
CR_93477,1
CR_96993,1
CR_95500,1
CR_196032,1
CR_193893,1
CR_162807,1
CR_198331,1
CR_133963,1
CR_173004,1
CR_179825,0
CR_59740,1
CR_160025,1
CR_32548,1
CR_171386,1
CR_103154,1
CR_173099,1
CR_114131,1
CR_58406,1
CR_165016,1
CR_19502,1
CR_53343,1
CR_86223,1
CR_55439,1
CR_59603,1
CR_114720,1
CR_164390,1
CR_142833,1
CR_37115,1
CR_107123,1
CR_24227,1
CR_93211,1
CR_23094,1
CR_145148,1
CR_125281,1
CR_88590,1
CR_10869,1
CR_156003,1
CR_78998,1
CR_118827,1
CR_165993,1
CR_65460,1
CR_169449,1
CR_108323,1
CR_42993,1
CR_54018,1
CR_179023,1
CR_44267,1
CR_1875,1
CR_79019,1
CR_73669,1
CR_67769,1
CR_117802,1
CR_51119,1
CR_32729,1
CR_168537,1
CR_3280,1
CR_48423,1
CR_7401,1
CR_126559,1
CR_129227,1
CR_42212,1
CR_76459,1
CR_121461,1
CR_64831,1
CR_182417,1
CR_15590,1
CR_60339,1
CR_96402,1
CR_148455,1
CR_180114,1
CR_136471,1
CR_106784,1
CR_30431,1
CR_97433,1
CR_140825,1
CR_20432,1
CR_107336,1
CR_162,1
CR_163879,1
CR_16095,1
CR_488,1
CR_196148,0
CR_136637,1
CR_187278,1
CR_101080,1
CR_56127,0
CR_168985,1
CR_125483,0
CR_146021,1
CR_66617,1
CR_78716,1
CR_11224,1
CR_62644,1
CR_45188,1
CR_63213,1
CR_105732,1
CR_43248,1
CR_75324,1
CR_51195,1
CR_118155,1
CR_147483,1
CR_28285,1
CR_13159,1
CR_42259,1
CR_92398,1
CR_25524,1
CR_167012,1
CR_122944,1
CR_123017,1
CR_190714,1
CR_40661,1
CR_56044,1
CR_82807,1
CR_7712,1
CR_122606,1
CR_128620,1
CR_47980,1
CR_177952,1
CR_180815,1
CR_84511,1
CR_171205,1
CR_93492,1
CR_158656,0
CR_31800,1
CR_58602,1
CR_49569,1
CR_19640,1
CR_44528,1
CR_18826,1
CR_52247,1
CR_164715,1
CR_175983,1
CR_72780,1
CR_167020,1
CR_30319,1
CR_40706,1
CR_175891,1
CR_73012,1
CR_111888,1
CR_23872,1
CR_115817,1
CR_115110,1
CR_5552,1
CR_17607,1
CR_130508,1
CR_37706,1
CR_55739,1
CR_97797,1
CR_117537,1
CR_174523,1
CR_99143,1
CR_191758,1
CR_19588,1
CR_63740,1
CR_124212,1
CR_123065,1
CR_9917,1
CR_29651,1
CR_12378,1
CR_56014,1
CR_6187,1
CR_91135,1
CR_2308,1
CR_57654,1
CR_149652,1
CR_196959,1
CR_52815,1
CR_43794,1
CR_57951,1
CR_99616,1
CR_98246,1
CR_84042,1
CR_59849,1
CR_178695,1
CR_182142,1
CR_126445,1
CR_63367,1
CR_44727,1
CR_58771,1
CR_178591,1
CR_122407,1
CR_39137,1
CR_160895,1
CR_32574,1
CR_28707,1
CR_72744,1
CR_72373,1
CR_47702,1
CR_49273,1
CR_154281,1
CR_85029,1
CR_129762,1
CR_183625,1
CR_89003,1
CR_60625,1
CR_30628,1
CR_88288,1
CR_108489,1
CR_61667,1
CR_13872,1
CR_123404,1
CR_12833,1
CR_173819,1
CR_68940,1
CR_192708,1
CR_47211,1
CR_943,0
CR_150087,1
CR_165011,1
CR_122671,1
CR_169525,1
CR_144247,1
CR_178747,1
CR_178408,0
CR_153586,1
CR_147651,1
CR_154739,1
CR_90354,1
CR_17251,1
CR_167698,1
CR_149190,1
CR_124102,1
CR_52330,1
CR_61778,1
CR_74258,1
CR_97229,1
CR_112640,1
CR_65702,1
CR_97293,1
CR_132097,1
CR_9390,1
CR_137806,1
CR_139661,1
CR_91180,1
CR_27334,1
CR_4646,1
CR_109905,1
CR_174123,1
CR_27076,1
CR_136341,1
CR_138354,1
CR_90631,1
CR_152359,1
CR_41496,1
CR_131818,1
CR_51246,1
CR_54671,1
CR_79167,1
CR_11390,1
CR_35422,1
CR_37458,1
CR_58941,1
CR_25173,1
CR_131507,1
CR_6855,1
CR_143631,1
CR_108440,1
CR_83732,1
CR_150604,1
CR_142232,1
CR_99842,1
CR_17770,0
CR_169104,1
CR_5445,1
CR_16614,1
CR_179597,1
CR_153767,1
CR_103324,1
CR_60815,1
CR_35615,1
CR_145747,1
CR_151200,1
CR_17952,1
CR_9193,1
CR_55754,1
CR_46604,1
CR_20774,1
CR_58366,1
CR_51942,1
CR_153063,1
CR_74815,1
CR_95626,1
CR_60268,1
CR_84574,1
CR_124358,1
CR_142890,1
CR_73916,1
CR_183348,1
CR_44803,1
CR_3964,1
CR_33000,1
CR_54443,0
CR_64367,1
CR_60851,1
CR_778,1
CR_10159,1
CR_105448,1
CR_147856,1
CR_175218,1
CR_35141,1
CR_68066,1
CR_61678,1
CR_112184,1
CR_153397,1
CR_32076,1
CR_130895,1
CR_71030,1
CR_86822,1
CR_194342,1
CR_171756,1
CR_147126,1
CR_145055,1
CR_74912,1
CR_158726,0
CR_40722,1
CR_181463,1
CR_183440,1
CR_125725,1
CR_36216,1
CR_159551,1
CR_35187,0
CR_1923,1
CR_59639,1
CR_114536,1
CR_11418,1
CR_23070,1
CR_73876,1
CR_102462,1
CR_65314,1
CR_3071,1
CR_90410,1
CR_148754,1
CR_152422,1
CR_74186,1
CR_162484,0
CR_160386,1
CR_43278,1
CR_35509,1
CR_43087,1
CR_46749,1
CR_56559,1
CR_134490,1
CR_104091,1
CR_167048,1
CR_127134,1
CR_166373,1
CR_174038,1
CR_134031,1
CR_60414,1
CR_38757,1
CR_162213,1
CR_38470,1
CR_193447,1
CR_74339,1
CR_138096,1
CR_131225,1
CR_5525,1
CR_140425,1
CR_140157,1
CR_96936,1
CR_64592,1
CR_120668,1
CR_184990,1
CR_127169,1
CR_156377,1
CR_89728,1
CR_50053,0
CR_163203,1
CR_54192,1
CR_195698,1
CR_189174,1
CR_191490,1
CR_171575,1
CR_11505,1
CR_137490,1
CR_83262,1
CR_67135,1
CR_143693,1
CR_81807,1
CR_1024,1
CR_65100,1
CR_167874,0
CR_183110,1
CR_126150,1
CR_128495,1
CR_119310,1
CR_54221,1
CR_197960,1
CR_106959,1
CR_107580,1
CR_74315,1
CR_155620,1
CR_117025,1
CR_50906,1
CR_115983,1
CR_40287,1
CR_54344,1
CR_28433,1
CR_138185,1
CR_139034,1
CR_13588,1
CR_158184,1
CR_85165,1
CR_96629,1
CR_128989,1
CR_38486,1
CR_150852,1
CR_25658,1
CR_6294,1
CR_92488,1
CR_47555,1
CR_128111,1
CR_57447,1
CR_39037,1
CR_24061,0
CR_151877,1
CR_34479,1
CR_45507,1
CR_93346,1
CR_183557,1
CR_164630,1
CR_111524,1
CR_21973,1
CR_63504,1
CR_127127,1
CR_189355,1
CR_155153,1
CR_60848,1
CR_74130,1
CR_55069,1
CR_102881,1
CR_135999,1
CR_114260,1
CR_146048,0
CR_40996,1
CR_50229,1
CR_153262,1
CR_33859,1
CR_167511,1
CR_63429,1
CR_198091,1
CR_16186,1
CR_25512,1
CR_92495,1
CR_168858,1
CR_134774,1
CR_61022,1
CR_151758,0
CR_24311,1
CR_150665,1
CR_84022,0
CR_90615,1
CR_35161,1
CR_48776,1
CR_31483,1
CR_184880,1
CR_153423,1
CR_118204,1
CR_91833,1
CR_62850,1
CR_90604,1
CR_85681,1
CR_110470,0
CR_149874,1
CR_99863,1
CR_115355,1
CR_135503,1
CR_171037,1
CR_197485,1
CR_45635,1
CR_84712,1
CR_2498,1
CR_30422,1
CR_130442,1
CR_133473,1
CR_54645,1
CR_55184,1
CR_72571,0
CR_177836,1
CR_29459,1
CR_198001,1
CR_130976,1
CR_117707,1
CR_61482,1
CR_131637,1
CR_126623,1
CR_47343,1
CR_49644,1
CR_196446,1
CR_113122,1
CR_65490,1
CR_129205,1
CR_174181,1
CR_148419,1
CR_66604,1
CR_756,1
CR_13167,1
CR_149453,1
CR_147491,1
CR_187606,1
CR_124606,1
CR_99788,1
CR_92476,1
CR_148266,1
CR_126965,1
CR_109557,1
CR_136342,1
CR_44890,1
CR_192140,1
CR_113320,1
CR_126824,1
CR_62444,1
CR_83216,1
CR_112672,1
CR_122539,1
CR_20792,1
CR_198374,1
CR_97734,1
CR_32091,1
CR_125139,1
CR_15273,1
CR_176556,1
CR_143797,1
CR_81842,1
CR_123480,1
CR_163769,1
CR_116382,1
CR_146470,1
CR_73452,1
CR_111466,1
CR_145807,1
CR_12773,1
CR_195473,0
CR_22988,1
CR_136321,1
CR_110386,1
CR_160049,1
CR_91421,1
CR_54114,1
CR_142331,1
CR_155772,1
CR_151252,1
CR_117106,1
CR_145217,1
CR_145280,1
CR_193677,1
CR_37144,1
CR_28695,1
CR_102516,1
CR_52128,1
CR_190618,1
CR_70669,1
CR_88286,1
CR_81120,1
CR_72878,1
CR_1602,1
CR_92529,1
CR_74807,1
CR_75698,1
CR_151020,1
CR_101648,1
CR_60766,1
CR_71790,1
CR_154244,1
CR_153130,1
CR_126881,1
CR_172801,1
CR_129031,1
CR_125552,1
CR_148591,1
CR_31524,1
CR_49969,1
CR_138328,1
CR_97300,1
CR_29961,1
CR_53635,1
CR_93783,1
CR_109592,1
CR_23247,1
CR_154788,1
CR_79514,1
CR_135044,1
CR_76222,1
CR_148970,1
CR_190545,1
CR_129496,1
CR_152189,1
CR_70471,1
CR_116307,1
CR_119977,1
CR_80421,1
CR_158964,1
CR_71836,1
CR_32130,1
CR_100221,1
CR_181193,1
CR_23213,1
CR_37844,1
CR_81435,1
CR_180064,1
CR_180123,1
CR_104555,1
CR_39382,1
CR_179224,1
CR_143070,1
CR_465,1
CR_7468,1
CR_13897,1
CR_76259,1
CR_113154,1
CR_73555,1
CR_176725,1
CR_29392,1
CR_116678,1
CR_10614,1
CR_44315,1
CR_178434,1
CR_115664,1
CR_81642,1
CR_193738,1
CR_112420,1
CR_5103,1
CR_35870,1
CR_38307,1
CR_146015,1
CR_177297,1
CR_69852,1
CR_178540,1
CR_31039,1
CR_174290,1
CR_142763,1
CR_18532,1
CR_63362,1
CR_46266,1
CR_30217,1
CR_59122,1
CR_39879,1
CR_9904,1
CR_174616,1
CR_156504,1
CR_119898,0
CR_99832,1
CR_24930,1
CR_185436,1
CR_82735,1
CR_175881,1
CR_197588,1
CR_168492,1
CR_121634,1
CR_164697,1
CR_93986,1
CR_61672,1
CR_170580,1
CR_11451,1
CR_187906,1
CR_173138,1
CR_115422,1
CR_101633,1
CR_83311,1
CR_52868,1
CR_81085,1
CR_1252,1
CR_100826,1
CR_161075,1
CR_169080,1
CR_8297,1
CR_156172,1
CR_162692,1
CR_50856,1
CR_101073,1
CR_84029,1
CR_137560,1
CR_11248,1
CR_95908,1
CR_104286,1
CR_28015,1
CR_103545,1
CR_18894,1
CR_99298,1
CR_129754,1
CR_6916,1
CR_182404,1
CR_44302,1
CR_34192,1
CR_138499,1
CR_118053,1
CR_132218,1
CR_62650,1
CR_139618,1
CR_119228,1
CR_73626,1
CR_111779,1
CR_107603,1
CR_93179,1
CR_126876,1
CR_72033,1
CR_710,1
CR_69040,1
CR_112391,1
CR_98475,1
CR_75901,1
CR_23531,1
CR_127143,1
CR_148693,1
CR_181922,1
CR_75303,1
CR_131279,1
CR_48716,1
CR_86535,1
CR_83490,1
CR_171847,1
CR_86875,1
CR_160235,1
CR_59155,1
CR_135622,1
CR_144398,1
CR_165531,1
CR_15750,1
CR_186876,1
CR_132853,1
CR_9857,1
CR_191384,1
CR_6178,1
CR_183102,1
CR_79634,1
CR_171878,1
CR_2930,1
CR_37573,1
CR_119410,1
CR_77289,1
CR_165850,1
CR_30329,1
CR_66034,1
CR_133438,1
CR_58211,1
CR_149064,1
CR_78818,1
CR_52864,1
CR_8928,1
CR_37381,1
CR_78415,1
CR_108935,1
CR_73399,1
CR_129079,1
CR_189299,1
CR_185869,1
CR_197790,1
CR_116681,1
CR_13517,1
CR_145140,1
CR_142499,1
CR_197175,1
CR_23126,0
CR_147958,1
CR_342,1
CR_114511,1
CR_82885,1
CR_132936,1
CR_85453,1
CR_24680,1
CR_84417,1
CR_121488,1
CR_52557,1
CR_114718,1
CR_64193,1
CR_70701,1
CR_169483,1
CR_33699,1
CR_90521,1
CR_81108,1
CR_60098,1
CR_19336,1
CR_133264,1
CR_26226,1
CR_46392,1
CR_177827,1
CR_139332,1
CR_75121,1
CR_127951,1
CR_9814,1
CR_149188,1
CR_88058,1
CR_119072,1
CR_127740,1
CR_12934,1
CR_162273,1
CR_151029,1
CR_46706,1
CR_75493,1
CR_86479,1
CR_170139,1
CR_134400,1
CR_184728,1
CR_134513,1
CR_117797,1
CR_83434,1
CR_147273,1
CR_29101,1
CR_27971,1
CR_13616,1
CR_197937,1
CR_60554,1
CR_113631,1
CR_73885,1
CR_40554,0
CR_52516,1
CR_118745,1
CR_150994,1
CR_186345,1
CR_197340,1
CR_113839,1
CR_182476,1
CR_74377,1
CR_125104,1
CR_58720,1
CR_117209,1
CR_143879,1
CR_89712,1
CR_141290,1
CR_148713,1
CR_89365,1
CR_185493,1
CR_18489,1
CR_78196,1
CR_190434,1
CR_192428,1
CR_35558,1
CR_119582,1
CR_29936,1
CR_64576,1
CR_23694,1
CR_92561,1
CR_195252,1
CR_76151,1
CR_33076,1
CR_18951,1
CR_169144,1
CR_169340,0
CR_96106,1
CR_183310,1
CR_24604,1
CR_34749,1
CR_86043,1
CR_66612,1
CR_151515,1
CR_71620,1
CR_148973,1
CR_113550,1
CR_3601,1
CR_587,1
CR_171201,1
CR_184398,1
CR_187094,1
CR_153453,1
CR_139204,1
CR_103091,1
CR_30308,1
CR_67096,1
CR_184543,1
CR_27417,1
CR_190151,1
CR_155148,1
CR_31142,1
CR_100416,1
CR_107390,1
CR_116757,1
CR_20796,1
CR_72290,1
CR_149961,1
CR_150201,1
CR_138166,1
CR_194458,0
CR_150686,1
CR_155357,1
CR_87370,1
CR_103421,1
CR_92996,1
CR_142058,1
CR_120168,1
CR_4215,1
CR_135885,1
CR_54236,1
CR_7046,1
CR_190826,1
CR_100813,1
CR_71675,1
CR_186855,1
CR_94299,1
CR_175968,1
CR_170699,1
CR_32712,1
CR_25637,1
CR_132371,1
CR_26324,0
CR_115501,1
CR_105768,1
CR_51754,1
CR_138477,1
CR_122444,1
CR_51507,1
CR_66454,1
CR_104711,1
CR_111557,1
CR_135145,1
CR_107989,1
CR_161206,1
CR_171863,1
CR_96557,1
CR_63337,1
CR_167029,1
CR_109845,1
CR_110069,1
CR_14287,1
CR_44786,1
CR_53321,1
CR_29266,1
CR_197970,1
CR_165479,1
CR_30196,1
CR_32048,1
CR_72254,1
CR_123018,1
CR_126287,1
CR_176280,1
CR_55297,1
CR_113573,1
CR_186553,1
CR_107926,1
CR_94816,1
CR_143390,1
CR_34974,1
CR_158364,1
CR_186356,1
CR_84579,1
CR_197920,1
CR_102616,1
CR_159554,1
CR_84083,1
CR_155393,1
CR_99904,1
CR_130167,1
CR_90267,1
CR_164684,1
CR_49346,1
CR_186694,1
CR_135345,0
CR_126321,1
CR_15401,1
CR_195835,1
CR_9541,1
CR_24921,1
CR_198169,1
CR_198425,1
CR_127883,1
CR_196190,1
CR_92688,1
CR_96967,1
CR_44139,1
CR_194628,1
CR_64525,1
CR_71777,1
CR_196754,1
CR_1593,1
CR_16707,1
CR_196024,1
CR_189324,1
CR_72975,1
CR_161857,1
CR_33719,1
CR_165032,1
CR_158673,1
CR_68859,1
CR_98581,1
CR_64730,1
CR_1506,1
CR_135761,1
CR_162933,1
CR_96172,1
CR_138593,1
CR_6001,1
CR_107226,1
CR_75523,1
CR_74454,1
CR_146861,1
CR_20253,1
CR_74880,1
CR_191213,1
CR_183299,1
CR_91060,1
CR_55171,1
CR_11042,1
CR_82545,1
CR_92193,1
CR_40066,1
CR_71296,1
CR_72117,1
CR_13267,1
CR_23410,1
CR_188482,1
CR_117300,1
CR_44495,1
CR_33004,1
CR_166845,1
CR_166573,1
CR_100538,1
CR_114163,1
CR_139230,1
CR_26901,1
CR_46312,1
CR_126301,1
CR_35922,1
CR_90293,1
CR_111709,1
CR_195519,1
CR_67610,1
CR_28307,1
CR_106235,1
CR_97223,1
CR_197122,0
CR_56673,1
CR_159305,1
CR_508,1
CR_128328,1
CR_116093,1
CR_99793,1
CR_2932,1
CR_42974,0
CR_92378,1
CR_9081,1
CR_65735,1
CR_115996,0
CR_100065,1
CR_27379,1
CR_156839,1
CR_183581,1
CR_152682,1
CR_16173,1
CR_23341,0
CR_1921,1
CR_71341,1
CR_95359,1
CR_43311,1
CR_170297,1
CR_63783,1
CR_17836,0
CR_71863,1
CR_68634,1
CR_59485,0
CR_50970,0
CR_48430,1
CR_129734,1
CR_73356,1
CR_20094,1
CR_144340,1
CR_86752,1
CR_197180,1
CR_1738,1
CR_87395,1
CR_34181,1
CR_187507,1
CR_94824,1
CR_66445,1
CR_17160,1
CR_106911,1
CR_190538,1
CR_15193,1
CR_63276,1
CR_18908,1
CR_117490,1
CR_75526,1
CR_185040,1
CR_30614,1
CR_82425,1
CR_16440,1
CR_49831,1
CR_113744,1
CR_122169,1
CR_94618,1
CR_115611,1
CR_135497,1
CR_195796,1
CR_42654,1
CR_67855,1
CR_35105,1
CR_71565,1
CR_7267,1
CR_177095,1
CR_140544,1
CR_56799,1
CR_194132,1
CR_159169,0
CR_149774,1
CR_45591,1
CR_44683,1
CR_198327,0
CR_113314,1
CR_180672,1
CR_161229,1
CR_98163,1
CR_10589,1
CR_47396,1
CR_112473,0
CR_165157,1
CR_112659,1
CR_70527,1
CR_194336,1
CR_16,1
CR_86317,1
CR_122260,0
CR_86601,1
CR_93867,1
CR_87813,1
CR_86162,1
CR_100606,1
CR_48453,1
CR_16038,1
CR_171412,1
CR_84504,1
CR_105721,1
CR_117767,1
CR_172894,1
CR_176577,1
CR_57131,1
CR_4929,1
CR_32212,1
CR_120993,1
CR_153774,1
CR_156187,1
CR_186321,1
CR_195086,1
CR_97095,1
CR_180279,1
CR_190660,1
CR_155449,1
CR_152893,1
CR_121647,1
CR_52817,1
CR_151243,1
CR_163239,1
CR_189812,1
CR_72716,1
CR_86174,1
CR_137335,1
CR_2482,1
CR_176026,1
CR_119197,1
CR_184426,1
CR_185803,1
CR_196911,1
CR_176055,1
CR_193511,1
CR_66002,1
CR_15078,1
CR_38622,1
CR_3846,1
CR_79141,1
CR_36743,1
CR_15134,1
CR_64396,1
CR_68190,1
CR_59045,1
CR_144983,1
CR_9315,1
CR_76875,1
CR_39258,1
CR_44254,1
CR_152929,1
CR_29425,1
CR_37189,1
CR_132489,1
CR_25691,1
CR_171766,1
CR_76326,1
CR_169459,1
CR_42067,1
CR_193487,1
CR_110558,1
CR_80659,1
CR_186092,1
CR_18428,1
CR_33523,1
CR_122206,1
CR_38607,1
CR_57147,1
CR_177516,1
CR_47962,1
CR_116680,1
CR_123158,1
CR_117544,1
CR_163629,1
CR_151529,1
CR_30784,1
CR_114158,1
CR_13572,1
CR_175050,1
CR_30222,1
CR_111058,1
CR_172349,0
CR_35782,1
CR_195553,1
CR_35453,1
CR_131335,0
CR_54990,1
CR_5217,1
CR_39286,1
CR_50359,1
CR_11709,1
CR_72917,1
CR_155287,1
CR_36539,1
CR_96184,1
CR_13638,1
CR_71516,1
CR_143354,1
CR_37167,1
CR_196467,1
CR_186012,1
CR_80711,1
CR_61240,1
CR_48742,1
CR_123892,1
CR_83975,1
CR_176551,1
CR_5211,1
CR_118006,1
CR_84777,1
CR_183200,1
CR_172957,1
CR_47787,1
CR_117836,1
CR_18805,1
CR_17359,1
CR_152660,1
CR_82362,1
CR_45652,1
CR_162516,1
CR_100705,1
CR_95453,1
CR_86528,1
CR_38997,1
CR_181433,1
CR_191567,1
CR_52083,1
CR_24970,1
CR_55721,1
CR_106270,1
CR_179043,1
CR_4118,1
CR_55219,1
CR_84421,1
CR_27378,1
CR_154918,1
CR_194706,1
CR_128473,1
CR_105592,1
CR_73999,1
CR_183108,1
CR_10070,1
CR_14191,1
CR_102346,1
CR_102641,1
CR_110019,1
CR_88310,1
CR_85360,1
CR_56282,0
CR_19370,1
CR_139707,1
CR_25225,1
CR_192910,1
CR_148335,1
CR_60481,1
CR_122197,1
CR_149979,1
CR_67267,1
CR_128308,1
CR_105740,1
CR_175707,1
CR_44172,1
CR_79013,1
CR_150364,1
CR_162401,1
CR_121830,1
CR_80887,1
CR_29138,1
CR_28372,1
CR_10711,1
CR_142865,1
CR_86394,1
CR_31468,1
CR_82487,1
CR_162604,1
CR_154058,1
CR_96062,1
CR_42951,1
CR_132562,1
CR_99710,1
CR_177733,1
CR_108539,1
CR_62860,1
CR_111271,1
CR_107623,1
CR_105595,1
CR_122514,1
CR_145965,1
CR_120472,1
CR_120495,1
CR_149434,1
CR_101213,1
CR_125778,1
CR_66652,0
CR_58955,0
CR_134706,1
CR_120437,1
CR_78671,1
CR_23391,1
CR_23737,1
CR_171665,1
CR_110914,1
CR_146226,1
CR_130285,1
CR_93974,1
CR_114884,1
CR_134130,1
CR_69747,1
CR_179692,1
CR_94529,1
CR_66538,1
CR_131495,0
CR_120195,1
CR_96828,1
CR_84912,1
CR_70007,1
CR_197253,1
CR_166050,1
CR_172403,1
CR_63632,1
CR_184678,0
CR_134656,1
CR_152009,1
CR_32526,0
CR_129868,1
CR_164972,1
CR_24775,0
CR_119352,1
CR_61218,1
CR_133746,1
CR_10526,1
CR_80017,1
CR_42458,0
CR_80829,1
CR_103237,1
CR_51299,1
CR_62465,1
CR_122132,1
CR_86518,1
CR_9690,1
CR_64453,1
CR_159183,1
CR_188356,1
CR_57247,1
CR_152781,0
CR_64906,1
CR_10382,1
CR_28251,1
CR_130669,1
CR_103373,1
CR_101520,1
CR_128310,1
CR_175208,1
CR_118632,1
CR_130676,1
CR_130528,1
CR_38901,1
CR_5864,1
CR_122058,1
CR_60327,1
CR_113205,1
CR_146555,0
CR_166132,1
CR_191146,1
CR_84285,1
CR_124933,1
CR_134970,1
CR_137294,1
CR_18248,1
CR_51539,0
CR_177443,1
CR_129928,1
CR_53395,1
CR_15605,1
CR_79090,1
CR_50759,1
CR_97446,1
CR_91042,1
CR_25117,1
CR_107583,1
CR_80482,1
CR_53186,1
CR_93139,1
CR_198346,1
CR_118323,1
CR_152175,1
CR_16326,0
CR_30740,1
CR_180356,1
CR_21201,1
CR_26408,0
CR_93800,1
CR_65072,1
CR_6201,1
CR_26501,1
CR_118326,1
CR_40446,1
CR_57092,1
CR_159419,1
CR_152435,1
CR_98375,1
CR_197337,1
CR_124774,0
CR_80008,1
CR_166453,1
CR_170129,1
CR_86554,1
CR_134396,1
CR_79220,1
CR_127853,1
CR_125546,1
CR_30480,1
CR_75923,1
CR_70036,1
CR_177562,1
CR_191097,1
CR_96855,1
CR_42030,1
CR_60182,1
CR_70233,0
CR_107715,1
CR_19820,1
CR_80877,1
CR_130996,1
CR_33102,1
CR_109044,1
CR_180842,1
CR_16861,1
CR_179133,1
CR_158498,0
CR_162831,1
CR_102463,1
CR_1502,1
CR_134012,1
CR_34491,1
CR_109152,1
CR_159881,1
CR_48287,1
CR_165742,1
CR_109430,1
CR_146968,1
CR_198534,1
CR_58646,1
CR_151099,1
CR_129806,1
CR_131903,1
CR_147153,1
CR_176597,1
CR_76420,1
CR_191266,1
CR_151132,1
CR_107508,1
CR_122641,1
CR_113838,1
CR_147141,1
CR_151618,1
CR_118757,1
CR_28770,1
CR_77735,1
CR_152700,1
CR_105951,1
CR_24729,1
CR_65923,1
CR_140407,1
CR_182860,1
CR_90015,1
CR_164165,1
CR_47892,1
CR_156008,1
CR_124813,1
CR_17799,1
CR_25361,1
CR_40443,1
CR_130413,1
CR_80277,1
CR_90223,1
CR_24089,1
CR_186179,1
CR_56573,1
CR_42791,1
CR_179695,1
CR_154405,1
CR_158354,1
CR_70811,1
CR_153008,1
CR_159295,1
CR_85278,1
CR_72059,1
CR_112302,1
CR_115413,1
CR_98971,1
CR_6274,1
CR_17368,1
CR_31692,1
CR_98815,1
CR_168908,0
CR_17172,1
CR_97703,1
CR_173727,1
CR_67069,1
CR_172253,1
CR_16058,1
CR_144788,1
CR_64420,1
CR_100866,1
CR_163233,1
CR_162443,1
CR_116556,1
CR_149072,1
CR_175558,1
CR_40230,1
CR_59234,1
CR_91375,1
CR_98669,1
CR_66412,1
CR_177634,1
CR_56525,1
CR_17845,1
CR_92748,1
CR_106429,1
CR_169895,1
CR_61762,1
CR_36472,1
CR_93902,1
CR_74961,1
CR_53431,1
CR_177499,1
CR_58498,1
CR_24917,1
CR_81367,1
CR_12489,1
CR_92730,1
CR_60581,0
CR_147445,1
CR_52910,1
CR_80549,1
CR_5373,1
CR_106611,1
CR_139611,1
CR_21884,1
CR_151692,1
CR_62548,0
CR_181880,1
CR_32342,1
CR_120857,1
CR_93333,1
CR_122288,1
CR_50066,1
CR_197788,1
CR_39084,1
CR_179861,1
CR_87925,0
CR_17839,1
CR_193372,1
CR_122981,1
CR_184432,1
CR_116618,1
CR_126207,1
CR_196378,1
CR_108524,1
CR_17080,1
CR_21974,1
CR_46586,1
CR_67667,1
CR_197886,1
CR_133030,1
CR_53126,1
CR_79516,1
CR_86588,1
CR_127934,1
CR_193549,1
CR_178954,1
CR_116933,1
CR_29534,1
CR_149855,1
CR_34175,1
CR_103343,1
CR_65888,1
CR_59062,1
CR_79269,1
CR_116053,1
CR_87383,1
CR_87753,1
CR_3472,1
CR_138500,1
CR_150888,1
CR_3991,1
CR_6648,1
CR_1101,1
CR_101355,1
CR_136902,1
CR_64399,1
CR_89462,1
CR_102422,1
CR_68482,1
CR_122198,1
CR_168186,1
CR_105200,1
CR_166248,1
CR_142184,1
CR_133589,1
CR_153311,1
CR_46710,1
CR_62214,1
CR_59643,1
CR_23834,1
CR_37246,1
CR_38600,1
CR_97429,1
CR_31881,0
CR_106247,1
CR_1051,1
CR_35359,1
CR_133817,1
CR_17298,1
CR_174488,1
CR_94241,1
CR_191242,1
CR_9109,1
CR_62863,1
CR_167734,1
CR_46088,1
CR_17864,1
CR_16431,1
CR_641,1
CR_61869,1
CR_85950,1
CR_65886,1
CR_163443,1
CR_58193,1
CR_148061,1
CR_88028,1
CR_67683,1
CR_81951,1
CR_137767,1
CR_80587,1
CR_185881,1
CR_118912,1
CR_93526,1
CR_109710,1
CR_28798,1
CR_156588,1
CR_29893,1
CR_5629,1
CR_162907,0
CR_102598,1
CR_92420,1
CR_127825,1
CR_99318,1
CR_144379,1
CR_62928,1
CR_116399,1
CR_91181,1
CR_196149,1
CR_128558,1
CR_177705,1
CR_35746,1
CR_16529,1
CR_194972,1
CR_10066,1
CR_176087,1
CR_187415,1
CR_176311,1
CR_47507,1
CR_104692,1
CR_7146,1
CR_56013,1
CR_107887,1
CR_113893,1
CR_27751,1
CR_137315,1
CR_180580,1
CR_188562,1
CR_19080,1
CR_117311,1
CR_75472,1
CR_184355,1
CR_4353,1
CR_35897,1
CR_145019,1
CR_108538,1
CR_55987,1
CR_57381,1
CR_10956,1
CR_110873,1
CR_95931,1
CR_116221,1
CR_112495,1
CR_74024,1
CR_197333,1
CR_136093,1
CR_187679,1
CR_60558,1
CR_76065,1
CR_93730,1
CR_27318,1
CR_56123,1
CR_32694,1
CR_37959,1
CR_77481,1
CR_64589,1
CR_183190,1
CR_3331,1
CR_188689,1
CR_124651,1
CR_115753,1
CR_101783,1
CR_165173,1
CR_118184,1
CR_188883,1
CR_91183,1
CR_101260,1
CR_81064,1
CR_111852,0
CR_82695,1
CR_174161,1
CR_19203,1
CR_7441,1
CR_23850,1
CR_32600,1
CR_47698,1
CR_22953,1
CR_110900,1
CR_186549,1
CR_90742,1
CR_57239,1
CR_195183,1
CR_161834,1
CR_81012,1
CR_33531,1
CR_91857,1
CR_17260,1
CR_78832,1
CR_108148,1
CR_90219,1
CR_28630,1
CR_115122,1
CR_148227,1
CR_70721,1
CR_146062,1
CR_71594,0
CR_104548,1
CR_124543,1
CR_62023,1
CR_18006,1
CR_194547,1
CR_162209,1
CR_121134,1
CR_154358,1
CR_126531,1
CR_140948,1
CR_109012,1
CR_116375,1
CR_167036,1
CR_37000,1
CR_99232,1
CR_168129,1
CR_86019,1
CR_60517,1
CR_170795,1
CR_75857,1
CR_20594,1
CR_14723,1
CR_27742,1
CR_60598,1
CR_185687,1
CR_94711,1
CR_189103,1
CR_134928,0
CR_105020,1
CR_19523,1
CR_65474,1
CR_169350,1
CR_158962,1
CR_111308,1
CR_104058,1
CR_147669,1
CR_122156,1
CR_89395,1
CR_167656,1
CR_101536,1
CR_9175,1
CR_133731,1
CR_151806,1
CR_104742,1
CR_17119,0
CR_60371,1
CR_93568,1
CR_39696,1
CR_132920,1
CR_176756,1
CR_90003,1
CR_29817,1
CR_170089,1
CR_40282,1
CR_150964,1
CR_110618,1
CR_184755,1
CR_160174,1
CR_158589,1
CR_63926,1
CR_58668,1
CR_21700,1
CR_107107,1
CR_159063,1
CR_23040,1
CR_90661,1
CR_70864,1
CR_101137,1
CR_83428,1
CR_154274,1
CR_23633,1
CR_168491,1
CR_1748,1
CR_186847,0
CR_172966,1
CR_28045,1
CR_123468,1
CR_31867,1
CR_70345,1
CR_5770,1
CR_90543,1
CR_135476,1
CR_49984,1
CR_7393,1
CR_79609,1
CR_150585,1
CR_12597,1
CR_157109,1
CR_143418,1
CR_105807,1
CR_48306,1
CR_27518,1
CR_176783,1
CR_151147,1
CR_142916,1
CR_45181,1
CR_51920,0
CR_67739,1
CR_132763,1
CR_32871,1
CR_46406,1
CR_2420,1
CR_133937,1
CR_92005,1
CR_46418,1
CR_32049,1
CR_8065,1
CR_162055,1
CR_33149,1
CR_129505,1
CR_149935,1
CR_40988,1
CR_71720,1
CR_41770,1
CR_38770,1
CR_58918,0
CR_179879,1
CR_141656,1
CR_142152,1
CR_122927,1
CR_59085,1
CR_166364,1
CR_169818,1
CR_7816,1
CR_18776,1
CR_61745,1
CR_55862,1
CR_180246,1
CR_72638,1
CR_100261,1
CR_79638,1
CR_99682,1
CR_82398,1
CR_7478,1
CR_3210,1
CR_172696,1
CR_68228,1
CR_69664,1
CR_65911,1
CR_123998,1
CR_128834,1
CR_91591,0
CR_98417,1
CR_33537,1
CR_148593,1
CR_15257,1
CR_137463,1
CR_122869,1
CR_99782,1
CR_131740,1
CR_124014,1
CR_185648,1
CR_175146,1
CR_50908,1
CR_90800,1
CR_195517,1
CR_12441,1
CR_64741,1
CR_112893,1
CR_119488,1
CR_144729,1
CR_184154,1
CR_82816,1
CR_81561,1
CR_4967,1
CR_171380,1
CR_103076,1
CR_130057,1
CR_159856,1
CR_162666,1
CR_129720,1
CR_37253,1
CR_162134,1
CR_42892,1
CR_65694,1
CR_42874,1
CR_185790,1
CR_74777,1
CR_152369,1
CR_152152,1
CR_152078,1
CR_197424,1
CR_6008,1
CR_13918,1
CR_17865,1
CR_136970,1
CR_29677,1
CR_142072,1
CR_91367,1
CR_131612,1
CR_144991,1
CR_131781,1
CR_78718,1
CR_124489,1
CR_40540,1
CR_103433,1
CR_11018,1
CR_36867,0
CR_180855,1
CR_167872,1
CR_147489,1
CR_49646,1
CR_193523,1
CR_197730,1
CR_44693,1
CR_137301,1
CR_16560,1
CR_13078,1
CR_191783,1
CR_179148,1
CR_115763,1
CR_106716,1
CR_39699,1
CR_6499,1
CR_175396,0
CR_89571,1
CR_99630,1
CR_25959,0
CR_277,1
CR_144935,1
CR_104293,1
CR_195371,1
CR_1004,1
CR_167902,1
CR_55843,1
CR_182115,1
CR_89217,1
CR_187147,1
CR_191951,1
CR_164825,1
CR_50343,1
CR_35365,1
CR_167988,1
CR_61272,0
CR_124123,1
CR_91395,1
CR_29946,1
CR_173338,1
CR_20585,1
CR_132962,1
CR_71280,1
CR_162284,1
CR_10713,1
CR_164937,1
CR_181262,1
CR_5549,1
CR_104199,1
CR_175193,1
CR_153597,1
CR_24676,1
CR_131529,1
CR_86126,1
CR_24085,1
CR_152206,1
CR_94694,1
CR_141738,1
CR_94200,1
CR_124100,1
CR_161645,1
CR_177972,1
CR_103667,1
CR_13026,1
CR_52086,1
CR_38925,1
CR_2571,1
CR_129438,1
CR_192378,1
CR_121961,1
CR_36580,1
CR_150736,1
CR_23631,1
CR_143464,1
CR_82068,1
CR_39139,1
CR_32172,1
CR_185963,1
CR_22609,1
CR_122644,1
CR_21388,1
CR_79112,1
CR_17832,1
CR_166136,1
CR_106900,0
CR_18657,1
CR_92724,1
CR_28166,1
CR_171025,1
CR_179532,0
CR_28439,1
CR_85406,1
CR_177903,1
CR_2990,1
CR_20898,1
CR_121273,1
CR_180710,1
CR_50144,1
CR_174277,1
CR_99905,1
CR_101766,1
CR_159578,1
CR_138028,1
CR_197235,1
CR_134482,1
CR_31591,1
CR_21194,1
CR_24764,1
CR_136008,1
CR_111576,1
CR_98854,0
CR_22917,1
CR_33737,1
CR_21513,1
CR_70888,1
CR_81687,1
CR_38264,1
CR_147644,1
CR_33750,0
CR_182976,1
CR_8051,1
CR_70856,1
CR_162416,1
CR_189382,1
CR_18015,1
CR_66678,1
CR_120441,1
CR_37635,1
CR_70863,1
CR_178823,1
CR_106162,1
CR_108083,1
CR_57558,1
CR_108787,1
CR_81613,1
CR_192582,1
CR_47856,1
CR_23854,1
CR_18818,1
CR_174305,1
CR_23035,1
CR_168982,1
CR_108554,1
CR_61207,1
CR_48319,1
CR_88005,1
CR_40783,1
CR_170690,1
CR_181555,1
CR_123257,1
CR_38161,1
CR_59466,1
CR_183682,1
CR_67189,1
CR_75776,1
CR_132250,1
CR_128724,0
CR_59658,1
CR_82833,1
CR_165899,1
CR_187562,1
CR_67112,1
CR_83323,1
CR_82454,1
CR_33443,0
CR_92669,1
CR_136834,1
CR_64158,1
CR_167161,1
CR_140196,1
CR_192427,1
CR_132017,1
CR_64455,1
CR_119428,1
CR_47790,1
CR_146448,1
CR_41274,1
CR_62737,1
CR_158937,1
CR_62769,1
CR_138553,1
CR_11743,1
CR_9292,1
CR_7449,1
CR_57631,1
CR_56176,1
CR_59474,1
CR_65039,1
CR_126208,1
CR_174008,1
CR_143720,1
CR_59952,1
CR_178364,1
CR_84941,1
CR_172525,1
CR_51999,1
CR_165241,1
CR_48966,1
CR_190796,0
CR_174369,1
CR_188031,0
CR_65022,1
CR_175437,1
CR_188268,1
CR_196168,1
CR_109872,1
CR_92132,1
CR_186275,1
CR_169955,1
CR_124928,1
CR_88002,1
CR_126295,1
CR_178214,1
CR_132810,1
CR_168690,1
CR_68934,1
CR_112178,1
CR_138989,1
CR_23609,1
CR_97356,1
CR_193780,1
CR_189739,1
CR_139589,1
CR_14550,1
CR_49940,1
CR_95756,1
CR_135750,0
CR_167670,1
CR_94456,1
CR_25743,0
CR_166100,1
CR_85137,1
CR_150766,1
CR_110113,1
CR_80530,1
CR_41345,0
CR_171924,1
CR_112702,1
CR_81216,1
CR_194721,1
CR_71629,1
CR_64937,1
CR_26243,1
CR_94688,1
CR_110979,1
CR_22666,1
CR_64587,1
CR_141243,1
CR_27085,1
CR_95741,1
CR_65537,1
CR_189290,1
CR_155776,1
CR_152611,1
CR_149765,1
CR_50821,1
CR_87083,1
CR_166648,1
CR_86008,1
CR_40353,1
CR_71616,1
CR_108474,1
CR_113017,1
CR_136978,1
CR_49816,1
CR_117667,0
CR_185202,1
CR_87928,0
CR_93939,0
CR_171808,1
CR_192141,1
CR_195354,1
CR_11500,1
CR_51731,1
CR_161745,1
CR_189724,1
CR_36151,1
CR_193593,1
CR_190539,1
CR_122266,1
CR_53539,1
CR_171595,1
CR_58649,1
CR_198189,1
CR_147108,1
CR_95271,1
CR_32882,1
CR_190845,1
CR_54349,1
CR_175338,1
CR_71991,1
CR_93917,0
CR_144591,0
CR_90819,1
CR_74922,1
CR_24261,1
CR_83032,1
CR_79800,1
CR_109994,1
CR_74280,1
CR_2948,1
CR_43803,1
CR_169507,1
CR_61192,1
CR_44053,1
CR_118551,1
CR_61680,1
CR_172785,1
CR_187749,1
CR_139236,1
CR_12412,1
CR_111696,1
CR_82861,1
CR_115309,1
CR_25460,1
CR_88587,1
CR_12926,1
CR_3642,1
CR_2127,1
CR_106844,1
CR_148439,1
CR_32220,1
CR_79547,1
CR_112666,1
CR_146979,1
CR_86204,1
CR_158179,1
CR_133909,1
CR_186897,1
CR_118837,1
CR_89023,0
CR_22620,1
CR_33061,1
CR_4907,1
CR_32222,1
CR_113508,0
CR_117950,1
CR_7560,1
CR_163339,1
CR_142401,1
CR_140052,1
CR_140429,1
CR_96098,1
CR_80281,1
CR_96112,1
CR_50979,1
CR_118337,1
CR_57969,1
CR_174594,1
CR_194807,1
CR_129815,1
CR_75648,1
CR_19206,1
CR_88792,1
CR_23144,1
CR_181658,1
CR_19888,1
CR_85474,1
CR_108149,1
CR_124642,1
CR_32100,1
CR_75267,1
CR_92437,1
CR_22831,1
CR_186702,1
CR_155073,1
CR_104073,1
CR_2822,1
CR_129133,1
CR_30833,1
CR_8739,1
CR_159786,1
CR_27504,1
CR_103652,1
CR_190874,1
CR_110461,1
CR_136918,1
CR_177732,1
CR_145010,1
CR_94036,1
CR_142785,1
CR_126087,1
CR_122418,1
CR_164653,1
CR_62537,0
CR_147618,1
CR_38558,1
CR_45269,1
CR_78626,1
CR_92044,0
CR_149397,1
CR_187575,1
CR_104867,1
CR_20670,1
CR_99262,1
CR_104408,1
CR_42622,1
CR_119485,1
CR_8341,1
CR_149128,1
CR_96916,1
CR_34672,1
CR_9755,1
CR_39889,1
CR_102504,1
CR_114504,1
CR_106369,1
CR_73728,1
CR_147944,1
CR_55025,1
CR_145651,1
CR_198137,1
CR_104545,1
CR_23334,1
CR_35295,1
CR_178101,1
CR_168476,1
CR_93060,1
CR_174550,1
CR_159563,1
CR_67792,1
CR_172141,1
CR_93444,1
CR_87683,1
CR_57618,1
CR_88198,1
CR_116685,1
CR_127707,1
CR_52220,1
CR_158348,1
CR_98112,1
CR_35839,1
CR_45041,1
CR_62151,1
CR_140151,1
CR_164610,1
CR_98147,1
CR_155513,1
CR_35109,1
CR_73482,1
CR_22698,1
CR_11329,1
CR_167534,1
CR_29872,1
CR_126931,0
CR_76308,1
CR_129343,1
CR_169099,1
CR_131359,1
CR_53672,1
CR_9592,1
CR_80086,1
CR_41914,1
CR_157133,1
CR_130869,1
CR_196750,1
CR_5125,1
CR_121733,1
CR_13982,1
CR_178975,1
CR_172393,1
CR_147925,1
CR_3182,1
CR_64125,1
CR_47085,1
CR_81475,1
CR_195822,1
CR_99688,1
CR_110336,1
CR_51929,1
CR_160437,1
CR_45119,1
CR_51757,1
CR_119380,1
CR_113183,1
CR_143184,1
CR_50137,0
CR_60122,1
CR_16841,1
CR_122684,1
CR_95361,1
CR_2279,1
CR_49243,1
CR_21698,1
CR_141250,1
CR_166273,1
CR_101712,1
CR_189213,1
CR_27983,1
CR_31177,1
CR_190321,1
CR_118106,1
CR_127728,1
CR_73778,1
CR_149644,1
CR_80914,1
CR_23572,1
CR_129486,1
CR_20274,1
CR_89187,1
CR_30961,1
CR_49456,1
CR_121665,1
CR_181955,1
CR_142155,1
CR_37984,1
CR_93184,1
CR_72262,1
CR_10933,1
CR_124237,1
CR_7222,1
CR_77828,1
CR_29667,1
CR_176889,1
CR_4951,1
CR_127734,1
CR_30043,1
CR_126185,1
CR_10780,1
CR_153156,1
CR_82597,1
CR_113914,1
CR_122735,1
CR_48317,1
CR_159514,1
CR_104085,1
CR_144621,1
CR_80129,1
CR_40458,1
CR_97603,1
CR_190070,1
CR_177022,1
CR_35604,1
CR_1413,1
CR_58811,1
CR_180793,1
CR_34864,1
CR_26436,1
CR_80042,1
CR_44626,1
CR_105543,1
CR_12808,1
CR_19101,1
CR_10472,1
CR_106700,1
CR_126663,1
CR_191699,1
CR_101382,0
CR_31945,1
CR_100240,1
CR_123245,1
CR_182389,1
CR_78181,1
CR_149870,1
CR_19867,1
CR_162118,1
CR_40403,1
CR_73530,1
CR_177893,1
CR_98463,1
CR_110518,1
CR_29805,1
CR_174998,1
CR_118168,1
CR_119870,1
CR_67261,1
CR_161346,1
CR_179788,1
CR_21024,1
CR_30304,1
CR_118786,1
CR_132240,1
CR_63757,1
CR_19126,1
CR_100305,1
CR_37909,1
CR_24375,1
CR_4017,1
CR_78144,1
CR_188368,1
CR_187054,1
CR_175677,1
CR_70662,1
CR_61099,1
CR_25218,1
CR_84461,1
CR_63701,1
CR_112349,1
CR_179502,1
CR_44661,1
CR_136372,1
CR_152487,0
CR_116928,1
CR_98298,1
CR_39249,1
CR_167632,1
CR_83253,1
CR_61487,1
CR_22478,1
CR_102405,1
CR_160113,0
CR_150654,1
CR_42795,1
CR_50430,1
CR_161087,1
CR_116755,1
CR_15118,1
CR_162759,1
CR_118508,1
CR_39031,1
CR_81419,1
CR_123087,1
CR_100565,1
CR_117242,1
CR_4529,1
CR_195421,1
CR_80701,1
CR_137186,1
CR_110279,1
CR_142707,1
CR_166807,1
CR_21262,1
CR_63606,1
CR_120933,1
CR_126609,1
CR_9764,1
CR_13318,1
CR_69043,1
CR_81485,0
CR_99367,1
CR_140538,1
CR_173839,1
CR_108822,1
CR_150508,1
CR_118932,0
CR_126496,1
CR_109971,0
CR_32330,1
CR_152971,1
CR_8650,1
CR_33217,1
CR_30179,1
CR_80372,1
CR_182818,1
CR_110152,1
CR_176811,1
CR_131976,1
CR_81885,1
CR_153456,1
CR_107685,1
CR_122353,1
CR_161763,1
CR_100215,1
CR_183853,1
CR_146720,1
CR_12012,1
CR_133783,1
CR_179823,1
CR_53796,1
CR_56514,1
CR_26793,1
CR_33522,1
CR_105286,1
CR_173026,1
CR_165523,1
CR_124209,1
CR_37464,1
CR_169714,1
CR_192687,1
CR_128202,0
CR_171587,1
CR_95334,1
CR_912,1
CR_152566,1
CR_98017,1
CR_162719,1
CR_119420,1
CR_136757,1
CR_61281,1
CR_88662,1
CR_171349,1
CR_20370,1
CR_102308,1
CR_108828,1
CR_12228,1
CR_118614,1
CR_143044,1
CR_17323,1
CR_66779,1
CR_41441,1
CR_143586,1
CR_11810,1
CR_180044,1
CR_30014,1
CR_183778,1
CR_169432,1
CR_115277,1
CR_173506,1
CR_88850,1
CR_110238,1
CR_161694,1
CR_78871,1
CR_105967,1
CR_189098,1
CR_98766,1
CR_133697,1
CR_78952,1
CR_8604,1
CR_172614,1
CR_76384,1
CR_56851,1
CR_125401,1
CR_102484,1
CR_22211,1
CR_43461,1
CR_26979,1
CR_4874,1
CR_29862,1
CR_106574,1
CR_7159,1
CR_132261,1
CR_52532,1
CR_55687,1
CR_158905,0
CR_153438,1
CR_65251,1
CR_92213,1
CR_16554,1
CR_12160,1
CR_36480,1
CR_129411,1
CR_5594,1
CR_98541,1
CR_8914,1
CR_136786,1
CR_158154,1
CR_171737,1
CR_183007,1
CR_174295,1
CR_148598,1
CR_171678,1
CR_12644,1
CR_112826,0
CR_46421,1
CR_174838,1
CR_9584,0
CR_89846,1
CR_169833,1
CR_11674,1
CR_24744,0
CR_118466,1
CR_75778,1
CR_94050,1
CR_161872,1
CR_160411,1
CR_154497,1
CR_121833,1
CR_143650,1
CR_5677,1
CR_10465,1
CR_170315,1
CR_119716,1
CR_124654,1
CR_20607,1
CR_3899,1
CR_132213,1
CR_132681,1
CR_73971,1
CR_172113,1
CR_60438,1
CR_50195,1
CR_41377,1
CR_35454,1
CR_161219,1
CR_3696,1
CR_169609,1
CR_156878,1
CR_210,1
CR_137865,1
CR_77688,1
CR_160908,1
CR_78440,1
CR_95360,1
CR_28233,1
CR_84390,1
CR_11217,1
CR_174634,1
CR_36871,1
CR_50389,1
CR_111324,1
CR_83906,1
CR_557,1
CR_140995,1
CR_69154,1
CR_167156,1
CR_192489,1
CR_126713,1
CR_184147,1
CR_144910,1
CR_42272,0
CR_42813,1
CR_129978,1
CR_143244,1
CR_156055,1
CR_107931,1
CR_80591,1
CR_56380,1
CR_12157,1
CR_154189,1
CR_195413,1
CR_153880,1
CR_148228,1
CR_78667,1
CR_34460,1
CR_120941,1
CR_833,1
CR_82843,1
CR_126002,1
CR_33145,1
CR_104689,1
CR_97981,1
CR_108722,1
CR_15717,1
CR_20376,1
CR_74198,1
CR_68060,1
CR_125892,1
CR_159284,1
CR_194071,1
CR_30732,1
CR_6135,1
CR_68287,1
CR_135329,1
CR_76594,1
CR_62985,1
CR_28970,1
CR_173529,1
CR_19600,1
CR_192269,1
CR_47322,1
CR_4960,1
CR_22453,0
CR_51589,1
CR_188012,1
CR_119360,1
CR_49568,1
CR_162051,1
CR_133080,1
CR_19047,1
CR_55228,1
CR_86065,1
CR_40347,1
CR_127401,1
CR_113890,1
CR_194095,1
CR_57930,1
CR_143873,1
CR_41741,1
CR_179964,1
CR_14752,1
CR_18912,1
CR_50220,1
CR_191229,1
CR_192662,1
CR_158926,1
CR_30115,1
CR_135353,1
CR_47999,1
CR_54820,1
CR_175587,1
CR_113257,1
CR_102534,1
CR_158234,1
CR_137688,1
CR_75381,1
CR_7395,1
CR_185696,1
CR_75199,1
CR_129269,1
CR_49598,1
CR_157734,1
CR_140139,1
CR_110539,1
CR_53196,1
CR_174440,1
CR_118656,1
CR_108869,1
CR_125237,1
CR_64390,1
CR_150967,1
CR_171505,1
CR_146443,1
CR_1554,1
CR_152903,1
CR_179678,1
CR_98168,1
CR_162648,1
CR_93455,1
CR_180128,1
CR_120552,0
CR_134232,1
CR_58351,1
CR_132632,1
CR_15166,1
CR_165336,1
CR_96180,1
CR_118698,1
CR_165194,1
CR_101888,1
CR_194856,1
CR_25808,1
CR_44837,1
CR_61759,1
CR_188730,1
CR_197654,1
CR_43295,1
CR_69708,1
CR_148064,0
CR_69774,1
CR_93525,1
CR_41163,1
CR_35237,1
CR_197512,1
CR_193418,1
CR_187786,1
CR_180391,1
CR_176350,1
CR_171223,1
CR_108473,1
CR_181558,1
CR_121659,1
CR_32745,1
CR_55684,1
CR_121999,1
CR_174970,1
CR_23129,1
CR_151698,1
CR_58803,1
CR_87440,1
CR_143368,1
CR_58111,1
CR_35157,1
CR_59368,1
CR_185146,1
CR_21102,1
CR_83332,1
CR_93591,1
CR_8408,1
CR_35556,1
CR_24381,0
CR_65580,1
CR_191717,1
CR_184015,1
CR_23333,1
CR_144921,1
CR_61172,1
CR_10841,1
CR_10768,1
CR_81058,1
CR_59970,1
CR_27036,1
CR_72048,1
CR_70731,1
CR_146066,1
CR_189811,1
CR_49472,1
CR_53610,1
CR_183964,1
CR_168884,1
CR_23730,1
CR_59001,1
CR_14286,1
CR_107101,1
CR_38672,1
CR_175449,1
CR_145727,1
CR_123287,1
CR_117557,1
CR_64331,1
CR_21605,1
CR_152143,1
CR_130678,1
CR_83914,1
CR_179792,1
CR_28541,1
CR_92967,1
CR_147230,1
CR_51772,1
CR_27853,1
CR_139693,1
CR_168301,1
CR_136036,1
CR_9314,1
CR_128132,1
CR_125063,1
CR_43765,1
CR_25487,1
CR_42348,0
CR_139483,1
CR_9505,1
CR_150024,1
CR_5418,1
CR_46464,1
CR_169146,1
CR_13057,1
CR_43810,1
CR_180712,1
CR_48027,1
CR_24730,1
CR_50756,1
CR_19510,1
CR_150081,1
CR_90556,1
CR_103296,1
CR_155347,1
CR_133660,1
CR_36239,1
CR_135326,1
CR_9795,1
CR_186043,1
CR_111692,1
CR_171859,1
CR_90668,1
CR_3056,1
CR_89973,1
CR_110762,1
CR_71333,1
CR_1435,1
CR_27193,1
CR_166723,1
CR_63992,1
CR_19110,1
CR_15246,1
CR_24090,1
CR_156381,1
CR_32215,1
CR_26158,1
CR_190047,1
CR_7806,1
CR_47329,1
CR_143471,1
CR_93161,1
CR_26561,1
CR_2669,1
CR_78820,1
CR_181962,1
CR_28216,1
CR_16067,1
CR_170457,1
CR_65317,1
CR_51957,1
CR_58670,1
CR_131096,1
CR_92527,1
CR_77487,1
CR_26986,1
CR_124547,1
CR_131662,1
CR_124075,1
CR_80066,1
CR_12649,0
CR_162420,1
CR_103576,1
CR_140860,1
CR_108557,1
CR_195417,1
CR_45749,1
CR_25668,1
CR_109133,1
CR_74644,1
CR_55318,1
CR_160496,1
CR_48248,1
CR_84086,1
CR_1766,1
CR_113166,1
CR_34947,1
CR_127271,1
CR_99460,1
CR_79604,1
CR_67083,1
CR_187672,1
CR_102556,1
CR_92503,1
CR_123033,1
CR_123092,1
CR_11128,1
CR_40025,1
CR_189020,1
CR_102683,1
CR_16733,1
CR_109574,1
CR_177831,1
CR_103895,1
CR_7505,1
CR_36549,1
CR_99603,1
CR_82963,1
CR_46967,0
CR_192554,1
CR_120611,1
CR_147414,1
CR_165552,1
CR_152892,1
CR_19652,1
CR_191028,1
CR_57017,1
CR_84658,1
CR_85135,1
CR_64266,1
CR_169784,1
CR_70206,1
CR_133464,1
CR_81978,1
CR_22995,1
CR_140540,1
CR_100158,1
CR_149152,1
CR_69932,1
CR_43234,1
CR_136711,1
CR_153301,1
CR_4082,1
CR_160708,1
CR_52856,1
CR_97793,1
CR_25598,1
CR_152006,1
CR_183021,1
CR_108499,1
CR_140588,1
CR_176466,1
CR_65695,1
CR_168261,1
CR_53048,1
CR_172148,1
CR_60985,1
CR_172055,1
CR_55876,1
CR_194306,1
CR_17386,1
CR_119208,1
CR_103374,1
CR_185070,1
CR_63918,1
CR_118313,1
CR_17620,1
CR_99402,1
CR_175434,1
CR_4159,1
CR_28710,1
CR_131937,1
CR_198276,1
CR_53592,1
CR_121627,1
CR_39384,1
CR_3146,1
CR_35074,1
CR_45798,1
CR_110901,1
CR_94476,1
CR_197639,1
CR_137099,1
CR_14380,1
CR_109029,1
CR_167671,1
CR_109074,1
CR_159533,0
CR_123641,1
CR_152428,1
CR_42560,1
CR_68330,1
CR_114987,1
CR_38910,1
CR_129614,1
CR_197086,1
CR_150562,1
CR_82793,1
CR_183343,1
CR_160606,1
CR_84347,1
CR_68920,1
CR_109569,1
CR_60697,1
CR_138046,1
CR_151948,1
CR_91544,1
CR_101193,1
CR_78084,1
CR_6016,1
CR_132243,1
CR_97686,1
CR_170064,1
CR_1640,1
CR_167592,1
CR_53398,1
CR_186503,1
CR_36967,1
CR_156230,1
CR_125745,1
CR_119641,1
CR_28738,1
CR_44138,0
CR_102416,1
CR_166998,1
CR_90920,1
CR_104331,1
CR_124196,1
CR_65274,1
CR_194496,1
CR_9958,1
CR_114013,1
CR_66638,1
CR_86384,1
CR_177319,1
CR_91164,1
CR_90397,1
CR_16755,1
CR_6492,1
CR_144330,1
CR_137037,1
CR_120057,1
CR_96875,1
CR_93100,1
CR_178860,1
CR_114146,1
CR_67931,1
CR_100233,1
CR_19654,1
CR_37846,1
CR_159474,1
CR_172328,0
CR_32980,1
CR_139136,1
CR_139805,1
CR_195732,1
CR_27713,1
CR_36882,1
CR_57895,1
CR_74782,1
CR_172582,1
CR_70414,0
CR_167402,1
CR_141519,1
CR_59797,1
CR_76404,1
CR_17530,1
CR_108112,1
CR_172054,1
CR_156948,1
CR_80885,1
CR_122737,1
CR_39520,1
CR_156935,1
CR_35056,1
CR_139903,1
CR_40109,1
CR_136548,1
CR_186109,1
CR_4998,1
CR_131448,1
CR_155372,1
CR_181172,1
CR_88794,1
CR_188108,1
CR_191401,1
CR_189622,1
CR_85344,1
CR_176363,1
CR_3221,1
CR_99614,1
CR_106227,1
CR_141543,1
CR_98179,1
CR_60408,1
CR_60770,1
CR_67165,1
CR_8489,1
CR_15137,1
CR_169026,1
CR_120948,0
CR_45718,1
CR_38525,1
CR_37221,1
CR_121221,1
CR_10194,1
CR_51921,0
CR_67034,1
CR_48694,1
CR_58022,1
CR_127889,1
CR_140223,1
CR_13201,1
CR_150885,1
CR_164893,1
CR_187472,1
CR_37545,1
CR_106198,1
CR_644,1
CR_48201,1
CR_85119,1
CR_50304,1
CR_70382,1
CR_105333,1
CR_134145,1
CR_189310,1
CR_48297,1
CR_46101,1
CR_142629,1
CR_24790,1
CR_127399,1
CR_117162,1
CR_149053,0
CR_144914,1
CR_194451,0
CR_23316,1
CR_12790,1
CR_24902,1
CR_107410,1
CR_128498,1
CR_164185,1
CR_131695,1
CR_69941,1
CR_105464,1
CR_26694,1
CR_94264,1
CR_121339,1
CR_54590,1
CR_90066,1
CR_190136,1
CR_20931,1
CR_131624,1
CR_163192,1
CR_184365,1
CR_51295,1
CR_167825,1
CR_89810,1
CR_174558,1
CR_1800,1
CR_79914,1
CR_96560,1
CR_182166,1
CR_85891,1
CR_143617,1
CR_26086,0
CR_138990,1
CR_48022,1
CR_162549,1
CR_93563,1
CR_23197,1
CR_73772,1
CR_30366,1
CR_45760,1
CR_187344,1
CR_33473,1
CR_144054,0
CR_144893,1
CR_151813,1
CR_164633,1
CR_109360,1
CR_195462,1
CR_96141,1
CR_149792,1
CR_22265,1
CR_168085,1
CR_105511,1
CR_24978,1
CR_65193,1
CR_125009,1
CR_78579,1
CR_104021,1
CR_111010,1
CR_41013,1
CR_134259,1
CR_144045,1
CR_28104,1
CR_5716,1
CR_4216,1
CR_63133,1
CR_142886,1
CR_143022,1
CR_168701,1
CR_99685,1
CR_24208,1
CR_170952,1
CR_146999,1
CR_8188,1
CR_47411,1
CR_71676,1
CR_14803,1
CR_184456,1
CR_127147,1
CR_141083,1
CR_138525,1
CR_156685,1
CR_44289,1
CR_121246,1
CR_4585,1
CR_49605,1
CR_84773,1
CR_98516,1
CR_191235,1
CR_84628,1
CR_18081,1
CR_121326,1
CR_69973,1
CR_118580,1
CR_13927,1
CR_57430,1
CR_36853,1
CR_168375,0
CR_22147,1
CR_187330,1
CR_179629,1
CR_191071,1
CR_74470,1
CR_155217,1
CR_183963,1
CR_154537,1
CR_4250,1
CR_175097,1
CR_41642,1
CR_79417,1
CR_196903,1
CR_142438,1
CR_145079,1
CR_165583,1
CR_41323,1
CR_55950,1
CR_63061,1
CR_65623,1
CR_158814,1
CR_70850,1
CR_123731,1
CR_184839,1
CR_110285,1
CR_108168,1
CR_173567,1
CR_153785,1
CR_57504,1
CR_73593,1
CR_86431,1
CR_193413,1
CR_113326,1
CR_176200,1
CR_152629,1
CR_175988,1
CR_151294,1
CR_68065,1
CR_180760,1
CR_176235,1
CR_38579,1
CR_175057,1
CR_33847,1
CR_63240,1
CR_109728,1
CR_31878,1
CR_73066,1
CR_160328,1
CR_154651,1
CR_146610,1
CR_16616,1
CR_40176,1
CR_9306,1
CR_188453,1
CR_171763,1
CR_124255,1
CR_183441,1
CR_116347,1
CR_40409,1
CR_43006,1
CR_7224,1
CR_135525,1
CR_130055,1
CR_197505,1
CR_172348,1
CR_81359,1
CR_72909,1
CR_80146,1
CR_157142,0
CR_40128,1
CR_115806,1
CR_59448,0
CR_133625,1
CR_23571,1
CR_160208,1
CR_118285,1
CR_110628,1
CR_197812,1
CR_112634,1
CR_188691,1
CR_129664,0
CR_67921,1
CR_193096,1
CR_115777,1
CR_49663,1
CR_124609,1
CR_185253,1
CR_95876,1
CR_103116,1
CR_166899,1
CR_188513,1
CR_63893,1
CR_176573,1
CR_23002,1
CR_77578,1
CR_49606,1
CR_113,1
CR_99984,1
CR_7921,1
CR_93422,1
CR_126229,1
CR_43967,1
CR_111942,1
CR_139759,0
CR_128060,1
CR_84332,1
CR_1487,1
CR_46762,1
CR_197825,1
CR_67437,1
CR_32229,1
CR_171185,1
CR_56444,1
CR_93186,1
CR_145349,1
CR_111003,1
CR_68211,1
CR_30091,1
CR_67339,1
CR_142806,1
CR_77949,1
CR_170934,1
CR_8422,1
CR_14911,1
CR_134151,1
CR_58445,1
CR_113991,1
CR_73282,1
CR_115038,1
CR_160043,1
CR_57603,1
CR_40117,1
CR_194412,0
CR_47704,1
CR_187687,1
CR_92774,1
CR_185800,1
CR_107203,1
CR_46517,1
CR_16823,1
CR_186581,0
CR_124776,0
CR_69334,1
CR_5259,1
CR_159889,1
CR_179203,1
CR_125715,1
CR_98004,1
CR_150421,0
CR_46973,1
CR_163153,1
CR_137413,1
CR_13849,1
CR_292,1
CR_29547,1
CR_75617,1
CR_24971,1
CR_191770,1
CR_81047,1
CR_86298,1
CR_169717,1
CR_184424,1
CR_113412,1
CR_12750,1
CR_57453,1
CR_160672,1
CR_10471,1
CR_35503,1
CR_193347,1
CR_132742,1
CR_143431,1
CR_63909,1
CR_71977,1
CR_21655,1
CR_76915,1
CR_116667,1
CR_34801,1
CR_111385,1
CR_143103,1
CR_12215,1
CR_151889,1
CR_42326,1
CR_197390,1
CR_21040,1
CR_91564,1
CR_14671,1
CR_87026,1
CR_121562,1
CR_101240,1
CR_151060,1
CR_67741,1
CR_90186,1
CR_198245,1
CR_69982,1
CR_116894,1
CR_113210,1
CR_19059,1
CR_1205,1
CR_194019,1
CR_128855,1
CR_97671,1
CR_111258,1
CR_160932,1
CR_107286,1
CR_2709,1
CR_169401,1
CR_55583,1
CR_61397,1
CR_125191,1
CR_17132,1
CR_103781,1
CR_165741,0
CR_172051,1
CR_179607,1
CR_182787,1
CR_140121,1
CR_106675,1
CR_135555,1
CR_173783,1
CR_107109,1
CR_43206,1
CR_132556,1
CR_119669,1
CR_129480,1
CR_151010,1
CR_154245,1
CR_140326,1
CR_65950,1
CR_187319,1
CR_30529,1
CR_40574,1
CR_161234,1
CR_191618,1
CR_36986,1
CR_175941,1
CR_197342,1
CR_95080,1
CR_64784,1
CR_187890,1
CR_66731,1
CR_15494,1
CR_127581,1
CR_48126,1
CR_70851,1
CR_103430,1
CR_189853,1
CR_26764,1
CR_82353,1
CR_12559,0
CR_29100,1
CR_169635,1
CR_79542,1
CR_79382,1
CR_177129,0
CR_70886,1
CR_85203,1
CR_3917,1
CR_52112,1
CR_135537,1
CR_6223,0
CR_190506,1
CR_153210,1
CR_160649,1
CR_63383,1
CR_84109,1
CR_43530,1
CR_7114,1
CR_145016,1
CR_75568,1
CR_107316,1
CR_122750,1
CR_184077,1
CR_153864,1
CR_143073,1
CR_176937,1
CR_12847,1
CR_122854,1
CR_137832,1
CR_182645,1
CR_110787,1
CR_187144,1
CR_173131,1
CR_70168,1
CR_115694,1
CR_83013,1
CR_184411,1
CR_188260,1
CR_120812,1
CR_64034,1
CR_3524,1
CR_198046,1
CR_165910,1
CR_17718,1
CR_119749,1
CR_89675,0
CR_89765,1
CR_156624,1
CR_54347,1
CR_72958,1
CR_141662,1
CR_40536,1
CR_17772,1
CR_113727,1
CR_184583,1
CR_171144,0
CR_149031,1
CR_42377,1
CR_170882,1
CR_122431,1
CR_23003,1
CR_109249,1
CR_121823,1
CR_195264,1
CR_140972,1
CR_8265,1
CR_158211,1
CR_84344,1
CR_64742,1
CR_59732,1
CR_171483,1
CR_78026,1
CR_21740,1
CR_171302,1
CR_34071,1
CR_63883,1
CR_2393,1
CR_39349,1
CR_134005,1
CR_105414,1
CR_132978,1
CR_66746,1
CR_35374,1
CR_97602,1
CR_180663,1
CR_106258,1
CR_113964,1
CR_33706,1
CR_8894,1
CR_181891,1
CR_95605,1
CR_167587,1
CR_90373,1
CR_147657,1
CR_8528,1
CR_151724,1
CR_105769,1
CR_112400,1
CR_168421,1
CR_17195,1
CR_171741,1
CR_18282,1
CR_27047,1
CR_103165,1
CR_57252,1
CR_169139,1
CR_123747,1
CR_62176,1
CR_62034,1
CR_153132,1
CR_34617,1
CR_157208,1
CR_69260,1
CR_41021,1
CR_22236,1
CR_185977,1
CR_8133,1
CR_101647,1
CR_144420,1
CR_4015,1
CR_143264,1
CR_158124,1
CR_100857,1
CR_135524,1
CR_54999,1
CR_37962,1
CR_175529,1
CR_60018,1
CR_74602,1
CR_74277,1
CR_193312,1
CR_76120,1
CR_79775,1
CR_9850,1
CR_87146,1
CR_80982,1
CR_181586,1
CR_112773,1
CR_17232,1
CR_129446,1
CR_27727,1
CR_147786,1
CR_73575,1
CR_14246,1
CR_32507,1
CR_146402,1
CR_88843,1
CR_187807,1
CR_104459,1
CR_156645,1
CR_195368,1
CR_196752,1
CR_116765,1
CR_736,1
CR_73937,1
CR_54306,1
CR_77643,1
CR_71956,0
CR_14033,1
CR_9404,1
CR_148397,1
CR_51530,1
CR_67351,1
CR_179014,1
CR_55580,1
CR_90870,1
CR_116377,1
CR_156987,1
CR_167897,1
CR_185367,1
CR_3538,1
CR_128869,1
CR_183463,1
CR_181212,1
CR_148624,1
CR_143296,1
CR_20095,1
CR_64812,1
CR_19966,1
CR_6487,1
CR_101824,1
CR_17837,1
CR_5071,1
CR_141986,0
CR_119407,1
CR_108516,1
CR_469,1
CR_41246,1
CR_142156,1
CR_69592,1
CR_89433,1
CR_194757,1
CR_13535,1
CR_102116,1
CR_180929,1
CR_106381,1
CR_60005,1
CR_93706,1
CR_72715,1
CR_121770,1
CR_110004,1
CR_141686,1
CR_175383,1
CR_192303,1
CR_89551,1
CR_167745,1
CR_123301,1
CR_24433,1
CR_185674,1
CR_130738,1
CR_138403,1
CR_22090,1
CR_164357,1
CR_7261,1
CR_93607,1
CR_9385,1
CR_147347,1
CR_123619,1
CR_138352,1
CR_47024,1
CR_190214,1
CR_170965,1
CR_89068,1
CR_36818,1
CR_35423,1
CR_109277,1
CR_184316,1
CR_195242,1
CR_44674,1
CR_25729,0
CR_53726,1
CR_23941,1
CR_131188,1
CR_152924,1
CR_161663,1
CR_3382,1
CR_109526,1
CR_43411,1
CR_37489,1
CR_50267,1
CR_25851,1
CR_7239,1
CR_12979,1
CR_138205,1
CR_42307,0
CR_189933,1
CR_53613,1
CR_187446,1
CR_129072,1
CR_104594,1
CR_40084,1
CR_183673,1
CR_125916,1
CR_167287,1
CR_192931,1
CR_37390,1
CR_153182,1
CR_75662,1
CR_86549,1
CR_12203,1
CR_64151,1
CR_73410,1
CR_130543,1
CR_121850,1
CR_191791,1
CR_66884,1
CR_168006,1
CR_170376,1
CR_102778,1
CR_100549,1
CR_99656,1
CR_117462,1
CR_192481,1
CR_46234,1
CR_79648,1
CR_58404,1
CR_122679,1
CR_65501,1
CR_90422,1
CR_30763,1
CR_101050,1
CR_97227,1
CR_109156,1
CR_34229,1
CR_91521,1
CR_47309,1
CR_149584,1
CR_130765,1
CR_100312,1
CR_29154,1
CR_45437,1
CR_134832,1
CR_9378,1
CR_105070,1
CR_180572,1
CR_46723,1
CR_95385,1
CR_45035,1
CR_18602,0
CR_133777,1
CR_149923,1
CR_85101,1
CR_120983,1
CR_78616,1
CR_146681,1
CR_120590,1
CR_46581,1
CR_170328,1
CR_31912,1
CR_153323,1
CR_96946,1
CR_128849,0
CR_160768,1
CR_126702,1
CR_88976,1
CR_138193,1
CR_185586,1
CR_182586,1
CR_20909,1
CR_65789,1
CR_47308,1
CR_131191,1
CR_149046,1
CR_96723,1
CR_79871,1
CR_68872,1
CR_191198,1
CR_126498,1
CR_103096,1
CR_108013,1
CR_69908,1
CR_121257,0
CR_82995,1
CR_28463,1
CR_130571,1
CR_134641,1
CR_140050,1
CR_168202,1
CR_52675,1
CR_31223,0
CR_139080,1
CR_141085,0
CR_116291,1
CR_83795,1
CR_53393,0
CR_166766,1
CR_160812,1
CR_46288,1
CR_148476,1
CR_41842,1
CR_178858,1
CR_89128,1
CR_160969,0
CR_166422,1
CR_48802,0
CR_42864,0
CR_19498,0
CR_180045,1
CR_184621,1
CR_175185,1
CR_177783,1
CR_122712,1
CR_55001,1
CR_128958,1
CR_131641,1
CR_81476,1
CR_124821,1
CR_113909,1
CR_152383,1
CR_39846,1
CR_141980,1
CR_156653,1
CR_119710,1
CR_74990,1
CR_90968,1
CR_184098,1
CR_158883,1
CR_14270,1
CR_3282,1
CR_190691,1
CR_61749,1
CR_11024,1
CR_152688,0
CR_188131,1
CR_576,1
CR_64278,1
CR_24300,1
CR_93808,1
CR_195558,1
CR_171476,1
CR_110439,1
CR_174525,1
CR_92611,1
CR_134625,1
CR_112371,1
CR_108117,1
CR_31671,1
CR_52566,1
CR_107959,1
CR_102852,1
CR_84729,1
CR_48950,1
CR_159558,1
CR_16880,1
CR_13469,1
CR_159309,1
CR_32983,1
CR_129275,1
CR_79655,1
CR_146391,1
CR_4872,1
CR_173754,1
CR_153849,1
CR_88785,1
CR_3972,1
CR_159234,1
CR_50055,1
CR_4663,1
CR_65508,1
CR_55282,1
CR_70074,0
CR_172033,1
CR_98536,1
CR_66886,1
CR_111520,1
CR_106840,1
CR_76429,1
CR_16385,1
CR_40135,1
CR_175078,1
CR_99050,1
CR_94226,1
CR_153345,1
CR_30033,1
CR_132255,1
CR_142935,1
CR_91069,1
CR_189951,0
CR_167853,1
CR_12092,1
CR_44023,1
CR_165369,1
CR_196021,1
CR_44622,1
CR_23215,1
CR_163013,1
CR_116123,1
CR_106832,1
CR_101086,1
CR_95492,1
CR_137644,1
CR_84393,1
CR_82580,1
CR_80654,1
CR_15416,1
CR_58651,1
CR_150251,1
CR_113391,1
CR_128189,1
CR_33774,0
CR_37980,1
CR_102959,0
CR_127073,1
CR_33325,1
CR_10313,1
CR_112518,1
CR_20563,1
CR_131342,1
CR_137431,1
CR_186359,1
CR_158933,1
CR_179867,1
CR_131432,1
CR_107232,1
CR_104829,1
CR_4892,1
CR_44916,1
CR_71562,1
CR_82259,1
CR_110208,1
CR_61010,1
CR_153684,1
CR_41374,1
CR_137372,1
CR_65463,1
CR_68788,1
CR_68446,1
CR_191016,1
CR_97359,1
CR_121263,1
CR_57471,1
CR_186513,1
CR_127028,1
CR_30349,1
CR_130207,1
CR_14386,0
CR_182843,1
CR_93221,1
CR_43011,1
CR_1841,1
CR_110474,1
CR_31199,1
CR_143347,1
CR_26332,0
CR_187196,1
CR_80764,1
CR_112571,1
CR_135193,1
CR_180917,1
CR_5180,1
CR_118448,1
CR_120689,1
CR_134355,1
CR_71858,0
CR_171973,1
CR_68272,1
CR_34186,1
CR_180187,1
CR_86801,1
CR_92754,1
CR_193769,1
CR_171615,1
CR_73553,1
CR_103079,1
CR_184271,1
CR_167030,1
CR_177318,1
CR_75513,1
CR_192432,1
CR_99733,1
CR_109652,1
CR_120353,1
CR_107477,1
CR_136497,1
CR_120793,1
CR_79296,1
CR_159863,0
CR_37238,1
CR_63674,1
CR_112860,0
CR_42505,1
CR_178632,1
CR_172400,0
CR_109215,1
CR_147041,1
CR_195885,1
CR_42973,0
CR_98320,1
CR_56917,1
CR_71711,1
CR_195866,1
CR_44124,1
CR_171747,1
CR_37696,1
CR_20028,1
CR_27415,1
CR_54165,1
CR_94054,1
CR_162217,1
CR_37659,1
CR_50696,1
CR_54232,1
CR_155697,1
CR_42545,1
CR_16741,1
CR_174754,1
CR_39162,1
CR_17586,1
CR_11123,1
CR_46624,1
CR_184754,1
CR_139893,1
CR_32007,1
CR_106857,1
CR_83588,1
CR_106586,1
CR_72875,1
CR_109155,1
CR_85342,1
CR_74775,1
CR_101978,1
CR_104200,1
CR_168525,1
CR_9020,1
CR_36396,1
CR_178419,1
CR_183895,1
CR_189819,1
CR_83711,1
CR_136607,1
CR_190470,1
CR_190028,1
CR_49535,1
CR_187060,1
CR_64623,1
CR_29045,1
CR_194545,1
CR_109854,1
CR_179359,1
CR_138911,1
CR_100992,1
CR_130806,1
CR_89355,1
CR_75867,1
CR_117320,1
CR_90517,1
CR_76910,1
CR_89481,1
CR_189595,1
CR_32832,0
CR_109564,1
CR_6812,1
CR_117917,1
CR_27715,1
CR_135905,0
CR_174107,1
CR_11175,1
CR_172832,1
CR_182501,1
CR_174021,1
CR_115794,1
CR_154043,1
CR_180942,1
CR_32472,1
CR_22747,0
CR_6868,1
CR_130359,1
CR_188369,1
CR_115170,1
CR_31446,1
CR_52422,1
CR_158523,1
CR_15661,1
CR_73810,1
CR_84924,1
CR_149592,1
CR_139417,1
CR_141522,1
CR_117564,1
CR_137669,1
CR_111581,1
CR_112670,1
CR_53759,1
CR_7974,1
CR_50939,1
CR_191476,1
CR_185574,1
CR_100579,1
CR_89804,1
CR_50867,1
CR_112695,1
CR_33625,1
CR_72772,1
CR_63497,1
CR_69113,1
CR_19653,1
CR_2526,1
CR_47195,1
CR_8575,1
CR_145923,1
CR_26405,1
CR_156341,1
CR_37850,1
CR_69914,1
CR_184121,1
CR_165073,1
CR_165708,0
CR_8256,1
CR_23721,1
CR_10087,1
CR_108073,1
CR_45657,1
CR_42674,1
CR_44030,1
CR_112844,0
CR_65348,1
CR_11111,1
CR_54230,1
CR_148354,1
CR_103597,1
CR_89310,1
CR_15081,1
CR_73514,1
CR_104558,1
CR_14014,1
CR_6084,1
CR_42675,1
CR_18883,1
CR_38336,1
CR_49724,1
CR_109391,1
CR_107124,1
CR_90679,1
CR_137407,1
CR_159365,0
CR_49033,1
CR_21110,1
CR_93479,1
CR_20635,1
CR_85420,1
CR_84721,1
CR_25880,1
CR_9165,1
CR_5570,1
CR_54661,0
CR_26844,0
CR_146247,1
CR_94722,1
CR_20955,1
CR_70797,1
CR_193368,1
CR_113336,1
CR_24569,1
CR_51096,1
CR_161725,1
CR_158796,1
CR_167304,1
CR_28006,1
CR_136910,1
CR_25261,1
CR_74984,1
CR_79563,0
CR_101559,1
CR_105090,1
CR_63477,1
CR_165904,1
CR_45354,1
CR_79132,1
CR_79659,1
CR_133678,1
CR_75758,1
CR_49927,1
CR_159119,1
CR_130862,1
CR_188910,1
CR_57817,1
CR_121551,1
CR_103933,1
CR_124119,1
CR_178390,1
CR_96435,1
CR_80873,1
CR_3251,1
CR_127717,1
CR_32061,1
CR_45819,1
CR_2967,1
CR_16547,1
CR_152336,1
CR_139338,1
CR_186944,1
CR_61909,1
CR_63642,1
CR_175083,1
CR_190627,1
CR_123625,1
CR_126890,0
CR_151220,1
CR_191947,1
CR_112894,1
CR_86090,1
CR_168132,1
CR_66726,1
CR_196196,1
CR_66291,1
CR_20928,1
CR_93524,1
CR_77194,1
CR_64072,1
CR_132005,1
CR_138296,1
CR_152939,1
CR_64160,1
CR_37700,1
CR_20976,1
CR_28557,1
CR_20842,1
CR_106348,1
CR_150814,1
CR_29134,1
CR_115567,1
CR_20486,1
CR_68909,1
CR_38947,1
CR_88429,1
CR_6508,1
CR_40370,1
CR_100285,1
CR_22172,1
CR_155216,1
CR_80441,1
CR_8680,1
CR_878,1
CR_70272,0
CR_21030,1
CR_65212,1
CR_28775,1
CR_51354,1
CR_117732,1
CR_42465,1
CR_40897,1
CR_82614,1
CR_106878,1
CR_26563,1
CR_74692,1
CR_74069,1
CR_177434,1
CR_70883,1
CR_81223,1
CR_14601,1
CR_45536,1
CR_152613,1
CR_182839,1
CR_123545,1
CR_71501,1
CR_17163,1
CR_61298,1
CR_108284,0
CR_87785,1
CR_191260,1
CR_169416,1
CR_77539,1
CR_59476,1
CR_142139,1
CR_100882,1
CR_20696,1
CR_5205,1
CR_188312,1
CR_197250,1
CR_182434,1
CR_98222,1
CR_163099,1
CR_77850,1
CR_94773,1
CR_119978,1
CR_63742,1
CR_163302,1
CR_32336,1
CR_46802,1
CR_24273,1
CR_192261,1
CR_90662,1
CR_117099,1
CR_34735,0
CR_59116,1
CR_179219,1
CR_17717,1
CR_3746,1
CR_34527,1
CR_78628,1
CR_135740,1
CR_20540,1
CR_16065,1
CR_95535,1
CR_109137,1
CR_136768,1
CR_6767,1
CR_705,1
CR_163036,1
CR_172108,1
CR_58438,1
CR_158886,1
CR_195361,0
CR_134308,1
CR_113851,0
CR_103014,1
CR_92158,1
CR_134370,1
CR_68576,1
CR_111697,1
CR_93865,1
CR_110494,1
CR_97304,1
CR_194745,1
CR_188783,1
CR_85531,1
CR_36276,1
CR_196522,1
CR_27513,1
CR_42972,1
CR_62996,1
CR_55715,1
CR_58904,1
CR_109520,1
CR_122945,1
CR_169550,1
CR_147203,1
CR_51989,1
CR_117338,1
CR_137741,1
CR_119865,0
CR_158271,1
CR_8757,1
CR_167990,0
CR_124623,1
CR_136119,1
CR_156189,1
CR_94727,1
CR_33965,1
CR_168644,1
CR_145198,1
CR_15901,1
CR_84698,1
CR_12611,1
CR_64556,1
CR_171836,1
CR_72105,1
CR_58240,1
CR_186036,1
CR_147660,1
CR_164496,1
CR_107899,1
CR_171114,1
CR_33846,0
CR_138718,1
CR_1683,1
CR_187445,1
CR_153336,1
CR_30137,1
CR_34601,1
CR_180681,1
CR_108512,1
CR_138389,1
CR_36796,1
CR_171024,1
CR_63661,1
CR_142888,1
CR_139617,1
CR_20747,1
CR_25118,1
CR_87183,1
CR_12216,1
CR_87884,1
CR_179797,1
CR_190443,1
CR_25792,1
CR_12096,1
CR_118738,1
CR_4187,1
CR_185762,1
CR_72041,1
CR_162337,1
CR_38326,1
CR_12300,1
CR_195415,1
CR_69615,1
CR_85911,1
CR_115942,1
CR_68750,1
CR_7542,1
CR_15399,1
CR_44277,1
CR_79806,1
CR_176001,1
CR_154619,1
CR_186204,1
CR_2145,1
CR_35517,0
CR_92204,1
CR_61920,1
CR_177656,1
CR_38057,1
CR_123552,1
CR_56679,1
CR_39766,1
CR_425,1
CR_98270,1
CR_26969,1
CR_172539,1
CR_29642,1
CR_66358,1
CR_58707,1
CR_54805,1
CR_119895,1
CR_198333,1
CR_54988,1
CR_103275,1
CR_86436,1
CR_95891,1
CR_192868,1
CR_141254,1
CR_146200,1
CR_52897,1
CR_154476,1
CR_2458,1
CR_72518,1
CR_98699,1
CR_52606,1
CR_175272,1
CR_165916,1
CR_169270,1
CR_183484,1
CR_152476,1
CR_4553,1
CR_126169,1
CR_103577,1
CR_180133,1
CR_39918,1
CR_197225,1
CR_126930,1
CR_127695,1
CR_77333,1
CR_30787,1
CR_159320,1
CR_2843,1
CR_174361,1
CR_77344,1
CR_162560,1
CR_15828,1
CR_16401,1
CR_4122,1
CR_158047,1
CR_128197,0
CR_40170,1
CR_142023,1
CR_61102,1
CR_119150,1
CR_142114,1
CR_42649,1
CR_125867,1
CR_187884,1
CR_64710,1
CR_130574,1
CR_78731,1
CR_185742,1
CR_115933,1
CR_183493,1
CR_113785,1
CR_28366,1
CR_112883,1
CR_196503,1
CR_118650,1
CR_77765,1
CR_113332,1
CR_75760,1
CR_29504,1
CR_152580,1
CR_185534,1
CR_37698,1
CR_60224,1
CR_197111,1
CR_27627,1
CR_121109,1
CR_54459,0
CR_149473,1
CR_157284,1
CR_131497,1
CR_124324,1
CR_177799,1
CR_153991,1
CR_105405,1
CR_188708,1
CR_44761,1
CR_13869,0
CR_197615,0
CR_19585,1
CR_112540,1
CR_127884,1
CR_90239,1
CR_37148,1
CR_63020,1
CR_192394,1
CR_8736,1
CR_140095,1
CR_135363,1
CR_109368,1
CR_115514,1
CR_110701,1
CR_161678,0
CR_125264,1
CR_9039,1
CR_146776,1
CR_22422,1
CR_196496,1
CR_155810,1
CR_84827,1
CR_124121,1
CR_86863,1
CR_13436,1
CR_52309,1
CR_159167,0
CR_112377,1
CR_83912,1
CR_12702,1
CR_48665,1
CR_45408,1
CR_70332,1
CR_63543,1
CR_93225,1
CR_180671,1
CR_69083,1
CR_187893,1
CR_41958,1
CR_101063,1
CR_69366,1
CR_26661,1
CR_64499,1
CR_184919,1
CR_134618,1
CR_194738,1
CR_22825,1
CR_24637,1
CR_60915,1
CR_64131,1
CR_120412,1
CR_34290,1
CR_93834,1
CR_83832,1
CR_21880,1
CR_25233,1
CR_11918,1
CR_156925,1
CR_40788,1
CR_42413,1
CR_55734,1
CR_35524,1
CR_2289,1
CR_130307,1
CR_148287,1
CR_156699,1
CR_91488,1
CR_153170,1
CR_32821,1
CR_92741,1
CR_77229,1
CR_18632,1
CR_42374,1
CR_149199,1
CR_107859,1
CR_125732,1
CR_66592,1
CR_87480,1
CR_52523,1
CR_119827,1
CR_124923,1
CR_31527,0
CR_177802,0
CR_131405,1
CR_195234,1
CR_40820,1
CR_11879,0
CR_10048,1
CR_198485,0
CR_60817,1
CR_78847,1
CR_45191,1
CR_8772,1
CR_117382,1
CR_10268,1
CR_98792,1
CR_182029,1
CR_50001,1
CR_137564,1
CR_197355,1
CR_108827,1
CR_143222,1
CR_111187,1
CR_141731,1
CR_117312,1
CR_16721,1
CR_112255,1
CR_154470,1
CR_64225,1
CR_188735,1
CR_24335,1
CR_147226,1
CR_15152,1
CR_26230,1
CR_65249,1
CR_152620,1
CR_192070,1
CR_9943,1
CR_182189,1
CR_134592,1
CR_28109,1
CR_135372,1
CR_137982,1
CR_25391,1
CR_197170,1
CR_153124,1
CR_70555,1
CR_161538,1
CR_53210,1
CR_26573,1
CR_176195,1
CR_37014,1
CR_162327,1
CR_162482,1
CR_25883,1
CR_193943,1
CR_89639,1
CR_12476,1
CR_23422,1
CR_189741,1
CR_62006,1
CR_45758,1
CR_166452,1
CR_125262,1
CR_194028,1
CR_195798,1
CR_19497,1
CR_84249,1
CR_138776,1
CR_48695,1
CR_195452,1
CR_189327,1
CR_90148,1
CR_105238,1
CR_119460,1
CR_195833,1
CR_27913,1
CR_181917,1
CR_12263,1
CR_115001,1
CR_33739,1
CR_142796,1
CR_148410,1
CR_190848,1
CR_155744,1
CR_163149,1
CR_111711,1
CR_100876,1
CR_138843,1
CR_99605,0
CR_6450,1
CR_152674,1
CR_50021,1
CR_53237,1
CR_71997,1
CR_168199,1
CR_169256,0
CR_193615,1
CR_168853,1
CR_102707,1
CR_161214,1
CR_111328,1
CR_73418,1
CR_95293,1
CR_132740,1
CR_11762,1
CR_45858,1
CR_74875,1
CR_188749,1
CR_37994,1
CR_124649,1
CR_193966,1
CR_17378,1
CR_49130,1
CR_66742,1
CR_103141,1
CR_111843,1
CR_143049,1
CR_82870,1
CR_26170,1
CR_155567,1
CR_139972,0
CR_104382,1
CR_194421,0
CR_119873,1
CR_28105,1
CR_42375,0
CR_36718,1
CR_24040,1
CR_37235,1
CR_70028,1
CR_63591,1
CR_10621,1
CR_55710,1
CR_23183,1
CR_101147,1
CR_189843,1
CR_34839,1
CR_95898,1
CR_187939,1
CR_38160,1
CR_153329,1
CR_114211,1
CR_177404,1
CR_109512,1
CR_52632,1
CR_35450,1
CR_59197,1
CR_187604,1
CR_43813,1
CR_176326,1
CR_28497,1
CR_49658,1
CR_139287,1
CR_125900,1
CR_12752,1
CR_53717,1
CR_100897,1
CR_43013,1
CR_191237,1
CR_120989,1
CR_135978,1
CR_60381,1
CR_173995,1
CR_22992,1
CR_45335,1
CR_98688,1
CR_188296,1
CR_19077,1
CR_175957,1
CR_140698,1
CR_110149,1
CR_97241,1
CR_61502,1
CR_160906,1
CR_55836,0
CR_47215,0
CR_133393,0
CR_160703,1
CR_184290,1
CR_134838,1
CR_162752,1
CR_73085,1
CR_57733,1
CR_132766,1
CR_6758,1
CR_141359,1
CR_83665,1
CR_114029,1
CR_160903,1
CR_90453,1
CR_101537,1
CR_155219,1
CR_70538,1
CR_5562,1
CR_115286,1
CR_76526,1
CR_120666,1
CR_91917,1
CR_35808,1
CR_80311,1
CR_32319,1
CR_148800,1
CR_119961,1
CR_152918,1
CR_142372,1
CR_185105,1
CR_56625,1
CR_122326,1
CR_63329,1
CR_139179,1
CR_63495,0
CR_33778,1
CR_95633,1
CR_175573,1
CR_13926,1
CR_114063,1
CR_99338,1
CR_161130,1
CR_186190,1
CR_181629,1
CR_133591,1
CR_131253,1
CR_154809,1
CR_194401,0
CR_101407,1
CR_142696,1
CR_150768,1
CR_65336,1
CR_168007,1
CR_32901,1
CR_28397,1
CR_836,1
CR_70086,1
CR_54472,1
CR_73857,1
CR_110816,1
CR_182087,1
CR_106863,1
CR_160512,1
CR_66640,1
CR_73105,1
CR_52574,1
CR_132459,1
CR_52453,1
CR_91710,1
CR_17049,1
CR_11571,1
CR_147774,1
CR_10372,1
CR_91723,1
CR_152261,1
CR_73415,1
CR_166245,1
CR_89808,1
CR_133440,1
CR_90648,1
CR_42736,1
CR_41793,1
CR_77923,1
CR_103130,1
CR_50702,1
CR_48981,1
CR_176617,1
CR_75710,1
CR_188995,1
CR_85610,1
CR_184220,1
CR_149811,1
CR_70657,1
CR_2682,1
CR_33006,1
CR_119884,1
CR_135352,1
CR_67270,1
CR_107771,1
CR_181801,1
CR_16279,1
CR_95164,1
CR_24673,0
CR_186655,1
CR_191105,1
CR_4433,1
CR_101718,1
CR_110710,0
CR_22258,1
CR_138402,1
CR_153051,1
CR_113455,1
CR_140358,1
CR_38281,1
CR_192193,1
CR_137623,1
CR_158957,1
CR_89194,1
CR_143235,1
CR_137160,1
CR_147449,1
CR_85087,1
CR_126088,1
CR_35058,1
CR_176719,1
CR_62166,1
CR_18840,1
CR_158652,0
CR_41986,1
CR_114794,1
CR_136211,1
CR_54129,1
CR_143533,1
CR_104195,1
CR_178224,1
CR_37986,1
CR_107283,1
CR_191772,0
CR_191215,1
CR_1791,1
CR_8342,1
CR_47145,1
CR_77571,1
CR_43706,1
CR_109491,1
CR_139694,1
CR_165390,1
CR_65011,1
CR_13684,1
CR_73092,1
CR_152251,1
CR_109222,1
CR_62677,1
CR_132934,1
CR_35142,1
CR_134408,1
CR_41422,0
CR_105961,1
CR_119518,1
CR_16030,1
CR_140927,1
CR_94437,1
CR_94946,1
CR_32214,1
CR_42260,1
CR_149039,1
CR_53280,1
CR_38199,1
CR_142652,1
CR_64970,1
CR_178673,1
CR_148828,1
CR_71556,0
CR_21302,1
CR_65971,1
CR_110840,0
CR_159873,1
CR_19254,1
CR_156975,1
CR_165610,1
CR_125786,0
CR_54904,1
CR_119944,1
CR_191519,0
CR_75465,1
CR_79691,1
CR_21126,1
CR_88827,1
CR_6241,0
CR_8158,1
CR_139340,1
CR_176507,1
CR_136818,1
CR_169662,1
CR_112933,1
CR_45688,0
CR_137276,1
CR_187762,1
CR_74854,1
CR_73636,1
CR_134230,1
CR_163111,1
CR_166743,0
CR_100436,1
CR_118765,1
CR_152526,0
CR_151573,1
CR_53378,1
CR_47222,1
CR_26947,0
CR_115641,1
CR_1184,1
CR_160943,1
CR_41575,1
CR_59827,1
CR_83772,1
CR_117602,0
CR_179325,1
CR_189602,1
CR_78939,1
CR_128514,1
CR_14867,1
CR_47778,1
CR_68442,1
CR_186518,1
CR_166284,1
CR_11344,1
CR_14840,1
CR_158397,1
CR_123205,1
CR_20894,1
CR_14155,1
CR_142764,1
CR_168144,1
CR_43621,1
CR_35918,1
CR_83628,1
CR_82698,1
CR_158558,1
CR_6404,1
CR_94599,1
CR_88944,1
CR_144940,1
CR_44969,1
CR_90020,1
CR_9806,1
CR_119180,1
CR_134920,1
CR_120647,0
CR_16937,1
CR_4454,1
CR_88638,1
CR_43138,1
CR_165852,1
CR_170006,1
CR_56902,1
CR_32761,1
CR_146696,1
CR_131302,1
CR_161716,1
CR_19350,1
CR_42512,1
CR_39218,1
CR_123377,1
CR_157102,1
CR_186181,1
CR_120369,1
CR_40506,1
CR_114490,1
CR_64673,1
CR_55022,1
CR_195737,1
CR_80477,1
CR_175476,1
CR_124601,1
CR_90936,1
CR_8031,1
CR_196977,1
CR_74232,1
CR_5624,1
CR_91509,1
CR_46651,1
CR_169652,1
CR_65935,1
CR_85583,1
CR_125982,1
CR_103142,1
CR_91904,1
CR_28431,1
CR_78413,1
CR_65711,1
CR_153587,1
CR_179859,1
CR_40949,1
CR_146308,1
CR_159570,1
CR_40830,1
CR_71907,1
CR_54092,1
CR_97425,1
CR_198043,1
CR_104944,1
CR_119923,1
CR_95996,1
CR_52847,1
CR_75798,1
CR_83816,1
CR_195267,1
CR_101526,1
CR_149379,1
CR_188608,1
CR_172031,1
CR_110174,1
CR_136360,1
CR_7888,1
CR_115644,1
CR_100958,1
CR_153691,1
CR_95327,1
CR_41402,1
CR_43656,1
CR_3482,1
CR_135595,1
CR_41401,1
CR_6255,1
CR_116952,1
CR_152413,1
CR_61367,1
CR_118036,1
CR_136416,1
CR_45320,1
CR_105696,1
CR_175894,1
CR_39363,1
CR_121224,1
CR_136737,1
CR_88000,1
CR_195678,1
CR_6927,1
CR_176697,1
CR_165731,0
CR_132343,1
CR_119096,1
CR_32589,1
CR_82742,1
CR_16749,1
CR_89394,1
CR_57851,0
CR_174846,1
CR_22040,1
CR_137100,1
CR_134674,1
CR_10003,1
CR_82164,1
CR_81703,1
CR_174579,1
CR_9779,1
CR_179938,1
CR_151130,1
CR_184024,1
CR_118760,1
CR_116097,1
CR_161423,1
CR_180431,1
CR_109037,1
CR_126032,1
CR_70808,1
CR_23510,1
CR_167019,1
CR_139084,1
CR_171632,1
CR_189886,1
CR_163856,1
CR_75750,1
CR_53295,1
CR_151495,1
CR_151169,0
CR_21250,1
CR_93004,1
CR_29706,1
CR_56703,1
CR_119722,0
CR_123203,1
CR_70156,1
CR_151278,1
CR_168789,1
CR_99661,1
CR_10138,1
CR_148993,1
CR_7953,1
CR_162211,1
CR_165284,1
CR_183592,1
CR_152586,0
CR_99113,1
CR_88819,1
CR_115867,1
CR_132154,1
CR_75931,1
CR_51689,1
CR_31666,1
CR_51953,1
CR_101690,1
CR_168521,1
CR_155981,1
CR_37350,1
CR_34461,1
CR_121556,1
CR_54719,1
CR_181608,1
CR_156475,1
CR_25798,0
CR_132219,1
CR_24862,1
CR_44253,1
CR_5547,1
CR_167700,1
CR_169539,1
CR_157956,1
CR_61960,1
CR_144028,1
CR_170081,1
CR_193061,1
CR_115053,1
CR_167303,1
CR_70389,0
CR_130241,1
CR_118603,1
CR_174478,1
CR_131179,1
CR_185507,1
CR_49207,1
CR_120254,1
CR_144763,1
CR_124670,0
CR_34352,1
CR_182078,1
CR_185326,1
CR_124450,1
CR_48183,1
CR_142382,0
CR_129850,1
CR_96183,0
CR_196285,1
CR_126586,1
CR_40877,1
CR_100614,1
CR_124191,1
CR_33057,1
CR_186428,1
CR_144852,1
CR_32606,1
CR_23123,1
CR_67203,1
CR_196648,1
CR_54848,1
CR_174721,1
CR_39184,1
CR_165513,1
CR_61073,1
CR_174581,1
CR_97157,1
CR_165199,1
CR_162677,1
CR_140061,1
CR_3241,1
CR_153872,1
CR_14838,1
CR_160783,1
CR_97565,1
CR_16555,1
CR_141021,1
CR_161388,1
CR_154714,1
CR_135694,1
CR_118844,1
CR_114999,1
CR_91086,1
CR_60142,1
CR_75550,1
CR_140673,1
CR_61989,1
CR_13397,1
CR_184409,1
CR_82656,1
CR_25014,1
CR_164567,1
CR_152219,1
CR_65987,1
CR_111305,1
CR_86216,1
CR_39779,1
CR_13852,1
CR_96548,1
CR_140288,1
CR_55424,1
CR_54811,1
CR_23359,0
CR_57898,1
CR_29506,1
CR_105864,1
CR_91865,1
CR_76169,1
CR_36499,1
CR_50580,1
CR_45691,1
CR_88081,1
CR_97890,1
CR_126879,1
CR_54216,1
CR_19227,1
CR_68487,1
CR_188920,1
CR_168466,1
CR_151892,1
CR_159743,1
CR_159185,1
CR_107833,1
CR_165714,1
CR_119342,1
CR_172374,1
CR_101362,1
CR_4422,1
CR_34568,1
CR_110182,0
CR_151843,1
CR_140681,1
CR_159253,1
CR_92733,1
CR_87490,1
CR_45036,1
CR_526,1
CR_77105,1
CR_63977,1
CR_69420,1
CR_166992,1
CR_42196,1
CR_185135,1
CR_126779,1
CR_77122,1
CR_188213,1
CR_142055,1
CR_178482,1
CR_165961,1
CR_164689,1
CR_190465,1
CR_163958,1
CR_110414,1
CR_20078,1
CR_1788,1
CR_168236,1
CR_82230,1
CR_107357,1
CR_169725,1
CR_16892,1
CR_81103,1
CR_13702,1
CR_130350,1
CR_192272,1
CR_44377,1
CR_121106,1
CR_9307,1
CR_44305,1
CR_86532,1
CR_132427,1
CR_81589,0
CR_176286,1
CR_85181,1
CR_77718,1
CR_103810,1
CR_15810,1
CR_75020,1
CR_17348,1
CR_140894,1
CR_148075,1
CR_193529,1
CR_189122,1
CR_131266,1
CR_56070,1
CR_148039,0
CR_184131,1
CR_196691,1
CR_136318,1
CR_18465,1
CR_68850,1
CR_131707,1
CR_109554,1
CR_54740,1
CR_95214,1
CR_109920,0
CR_144602,1
CR_61370,1
CR_99377,1
CR_189750,1
CR_116481,1
CR_54739,1
CR_138369,1
CR_74246,1
CR_195544,1
CR_37935,1
CR_153080,1
CR_173545,1
CR_119769,1
CR_103199,1
CR_64038,1
CR_75905,1
CR_44371,1
CR_160629,1
CR_135903,0
CR_9984,1
CR_118581,1
CR_61726,1
CR_39224,1
CR_105011,1
CR_125341,1
CR_32910,1
CR_118638,1
CR_72420,1
CR_35189,1
CR_95714,1
CR_178816,1
CR_111751,1
CR_80896,1
CR_70772,1
CR_133716,1
CR_158817,1
CR_112093,1
CR_19444,1
CR_130069,1
CR_51544,0
CR_85541,1
CR_127947,1
CR_103486,1
CR_90518,1
CR_6825,1
CR_57881,1
CR_2134,1
CR_95662,1
CR_165060,1
CR_48795,1
CR_172318,1
CR_48848,1
CR_129880,1
CR_186988,1
CR_125913,1
CR_28873,1
CR_37987,1
CR_17639,1
CR_43458,1
CR_58131,1
CR_121091,1
CR_191858,1
CR_127398,1
CR_69279,1
CR_52282,1
CR_26153,1
CR_169373,1
CR_124375,1
CR_95634,1
CR_68955,1
CR_129565,1
CR_34377,1
CR_176369,1
CR_74537,1
CR_31464,1
CR_165591,1
CR_143592,1
CR_192597,1
CR_61980,1
CR_130910,1
CR_18146,1
CR_154260,1
CR_115572,1
CR_196391,1
CR_189461,1
CR_20019,1
CR_65774,1
CR_160090,1
CR_72570,1
CR_80198,1
CR_169017,1
CR_140457,1
CR_129830,1
CR_53737,1
CR_98502,1
CR_54864,1
CR_49742,1
CR_192816,1
CR_136009,0
CR_126405,1
CR_24813,1
CR_105793,1
CR_88417,1
CR_32459,1
CR_24388,1
CR_2042,1
CR_41929,0
CR_135474,1
CR_155354,1
CR_163545,1
CR_95865,1
CR_181733,1
CR_56110,1
CR_35938,1
CR_174030,1
CR_67827,1
CR_68408,1
CR_56927,1
CR_9075,1
CR_192302,1
CR_180162,1
CR_181623,1
CR_19405,1
CR_133707,1
CR_181407,1
CR_95194,1
CR_124456,1
CR_137613,1
CR_66699,1
CR_187741,1
CR_114737,1
CR_53457,1
CR_158826,1
CR_9453,1
CR_78366,1
CR_179554,1
CR_160402,1
CR_168939,1
CR_124441,1
CR_62705,1
CR_101163,1
CR_184917,1
CR_4029,1
CR_105421,1
CR_26048,1
CR_4137,1
CR_16476,1
CR_167015,1
CR_171156,1
CR_135534,1
CR_10255,1
CR_185011,1
CR_168798,1
CR_1650,1
CR_69636,1
CR_61385,1
CR_62623,1
CR_101886,1
CR_176875,1
CR_133020,1
CR_1989,1
CR_145411,1
CR_150574,1
CR_136626,1
CR_163221,1
CR_172351,1
CR_45763,1
CR_23745,1
CR_6679,1
CR_30749,1
CR_83068,1
CR_154416,1
CR_106457,0
CR_75695,1
CR_102835,1
CR_18547,1
CR_113077,1
CR_120396,1
CR_109342,1
CR_71127,1
CR_111922,1
CR_81618,1
CR_110473,1
CR_94873,1
CR_99306,1
CR_7041,1
CR_49114,1
CR_142753,1
CR_32124,1
CR_41724,1
CR_15714,1
CR_5502,1
CR_49563,1
CR_188027,1
CR_139374,1
CR_187653,1
CR_123944,1
CR_49530,1
CR_141953,1
CR_21298,1
CR_115847,1
CR_81062,1
CR_31823,1
CR_13958,1
CR_62882,1
CR_106420,1
CR_170245,1
CR_56678,1
CR_157464,1
CR_181374,1
CR_87736,1
CR_105995,1
CR_111604,1
CR_139543,1
CR_173208,1
CR_166772,1
CR_198332,1
CR_96121,1
CR_81273,1
CR_35893,1
CR_55883,1
CR_136302,1
CR_52462,1
CR_138640,1
CR_83639,1
CR_186264,1
CR_74726,1
CR_151878,1
CR_27102,1
CR_182513,1
CR_6119,0
CR_53853,1
CR_44280,1
CR_73886,1
CR_28889,1
CR_99352,0
CR_74801,1
CR_152230,1
CR_43398,1
CR_88529,1
CR_9980,1
CR_42160,1
CR_130746,1
CR_47954,1
CR_79738,1
CR_39005,1
CR_42979,1
CR_46811,0
CR_137212,1
CR_174820,1
CR_128294,1
CR_4870,1
CR_39697,1
CR_83784,1
CR_183677,1
CR_14772,1
CR_8917,1
CR_170192,1
CR_74732,1
CR_117504,1
CR_164024,1
CR_45450,1
CR_141554,1
CR_65840,1
CR_39146,1
CR_117789,1
CR_160209,1
CR_177604,1
CR_143523,1
CR_158716,0
CR_39534,1
CR_75610,1
CR_19071,1
CR_158246,1
CR_120785,1
CR_171313,1
CR_155125,1
CR_39497,0
CR_131047,1
CR_178909,1
CR_192259,1
CR_68367,1
CR_134195,1
CR_76503,0
CR_5251,1
CR_79305,1
CR_48091,0
CR_56412,1
CR_73215,1
CR_110146,1
CR_186330,1
CR_1610,1
CR_195422,1
CR_34634,1
CR_25150,1
CR_178715,1
CR_63810,1
CR_154878,1
CR_40200,1
CR_187146,1
CR_99193,1
CR_166687,1
CR_151985,1
CR_38483,1
CR_39796,1
CR_116104,1
CR_112362,1
CR_96716,1
CR_198006,1
CR_7705,1
CR_123299,1
CR_74754,1
CR_151960,1
CR_101484,1
CR_45554,1
CR_190724,0
CR_179941,1
CR_112380,1
CR_93412,1
CR_144857,1
CR_158156,1
CR_23346,1
CR_104261,1
CR_173457,1
CR_119507,1
CR_108316,1
CR_27533,1
CR_38876,1
CR_189211,1
CR_89774,1
CR_64521,1
CR_103047,1
CR_190860,1
CR_170028,1
CR_179106,1
CR_13510,1
CR_74614,1
CR_47273,1
CR_119307,0
CR_145716,1
CR_63779,1
CR_109306,1
CR_53076,1
CR_185301,1
CR_180768,1
CR_180722,1
CR_72517,1
CR_57105,1
CR_157455,1
CR_7814,1
CR_7068,1
CR_133665,1
CR_42786,1
CR_153885,1
CR_130787,1
CR_26989,1
CR_132709,1
CR_89059,1
CR_9035,1
CR_71206,1
CR_84986,1
CR_17759,1
CR_89565,1
CR_70240,0
CR_51118,1
CR_116316,1
CR_118014,1
CR_3935,1
CR_189401,1
CR_167385,1
CR_158567,1
CR_102547,1
CR_11554,1
CR_24778,0
CR_148119,1
CR_188696,1
CR_65677,1
CR_68425,1
CR_173111,1
CR_177256,1
CR_176336,1
CR_58507,1
CR_85056,1
CR_178582,1
CR_60389,1
CR_168204,1
CR_130614,1
CR_1117,1
CR_55953,1
CR_170409,1
CR_171238,1
CR_55243,1
CR_190072,1
CR_17663,1
CR_12757,1
CR_49926,1
CR_117626,1
CR_61080,1
CR_135946,1
CR_21377,1
CR_133082,1
CR_78230,1
CR_60790,1
CR_168852,1
CR_122932,1
CR_81511,0
CR_173200,1
CR_11094,1
CR_165198,1
CR_155228,1
CR_43746,1
CR_160688,0
CR_10309,1
CR_188063,1
CR_39640,1
CR_141724,1
CR_145455,1
CR_116947,1
CR_154970,1
CR_10153,1
CR_86623,1
CR_124835,1
CR_133211,1
CR_123548,1
CR_13101,1
CR_49446,1
CR_195071,1
CR_25031,1
CR_121598,1
CR_122336,1
CR_61439,1
CR_52518,1
CR_115283,1
CR_192716,1
CR_176911,1
CR_3857,1
CR_145309,1
CR_54119,1
CR_29433,1
CR_101627,1
CR_188919,1
CR_15496,1
CR_159404,1
CR_158440,1
CR_140943,1
CR_193820,1
CR_160885,1
CR_38549,1
CR_42518,1
CR_17498,1
CR_145187,1
CR_111173,0
CR_65196,1
CR_11806,1
CR_72052,1
CR_57998,1
CR_146618,1
CR_189343,1
CR_175975,1
CR_89268,1
CR_194033,1
CR_127693,1
CR_62082,1
CR_32394,1
CR_43815,1
CR_138318,1
CR_72673,1
CR_6364,1
CR_109313,1
CR_125294,1
CR_114611,1
CR_147950,1
CR_157185,1
CR_180163,1
CR_122200,1
CR_172559,1
CR_60738,1
CR_103827,1
CR_99534,1
CR_116469,1
CR_25335,0
CR_98986,1
CR_109150,1
CR_159717,1
CR_143663,1
CR_100108,1
CR_117831,1
CR_98391,1
CR_185088,1
CR_90527,1
CR_13050,1
CR_71260,1
CR_145495,1
CR_39680,1
CR_147366,1
CR_69471,1
CR_128409,1
CR_179419,1
CR_70512,1
CR_15328,1
CR_49966,1
CR_196121,1
CR_165932,1
CR_43252,1
CR_60572,1
CR_89459,1
CR_64893,1
CR_1164,1
CR_138938,1
CR_175140,1
CR_170242,1
CR_170246,1
CR_133432,1
CR_19099,1
CR_73079,1
CR_164163,1
CR_185933,1
CR_131589,1
CR_136523,1
CR_129354,1
CR_62348,1
CR_146866,1
CR_49209,1
CR_48050,0
CR_16162,1
CR_138630,1
CR_143014,1
CR_52286,1
CR_47279,1
CR_170025,1
CR_44250,1
CR_27119,1
CR_123814,1
CR_101612,1
CR_145415,1
CR_109232,1
CR_156575,0
CR_91472,1
CR_7579,1
CR_63281,1
CR_2512,1
CR_62524,1
CR_40748,1
CR_4611,1
CR_144559,1
CR_99988,1
CR_159430,1
CR_138485,1
CR_186946,1
CR_96196,1
CR_10160,1
CR_36812,1
CR_125418,1
CR_88391,1
CR_87834,1
CR_70982,0
CR_151127,1
CR_121428,1
CR_34457,1
CR_181184,1
CR_78113,1
CR_102322,1
CR_144029,1
CR_179335,1
CR_151550,1
CR_105110,1
CR_1490,0
CR_115055,1
CR_86987,1
CR_71861,1
CR_110399,1
CR_35169,1
CR_153749,1
CR_97262,1
CR_1072,1
CR_153966,1
CR_148057,1
CR_139890,1
CR_39392,1
CR_159749,1
CR_127877,1
CR_84995,1
CR_31865,0
CR_103472,1
CR_71308,1
CR_89752,1
CR_52582,1
CR_8492,1
CR_187046,1
CR_195181,1
CR_153943,1
CR_2521,1
CR_10991,1
CR_124870,0
CR_64542,1
CR_12162,1
CR_98019,1
CR_113406,1
CR_162686,1
CR_15175,1
CR_141960,1
CR_21713,1
CR_111113,1
CR_173884,1
CR_50642,1
CR_176901,1
CR_2511,1
CR_7280,1
CR_62569,1
CR_101811,1
CR_86378,1
CR_136296,1
CR_45118,1
CR_148507,1
CR_51103,1
CR_40354,1
CR_78621,1
CR_45697,1
CR_19605,1
CR_43389,1
CR_127991,1
CR_137156,1
CR_189636,1
CR_186462,1
CR_73692,1
CR_169259,1
CR_138625,1
CR_9198,1
CR_197197,1
CR_134944,1
CR_100689,1
CR_117670,1
CR_83224,1
CR_59616,1
CR_41964,1
CR_82905,1
CR_36367,1
CR_93839,1
CR_11319,1
CR_91919,1
CR_2514,1
CR_60484,1
CR_115352,1
CR_196227,1
CR_31717,1
CR_148466,1
CR_87304,0
CR_175367,1
CR_24333,1
CR_121006,1
CR_12897,1
CR_67420,1
CR_148224,1
CR_58859,0
CR_121495,1
CR_167826,1
CR_70185,1
CR_64387,1
CR_191942,1
CR_185982,1
CR_142235,1
CR_27194,1
CR_29229,1
CR_3083,1
CR_12086,1
CR_130226,1
CR_88370,1
CR_193745,1
CR_20444,1
CR_173162,1
CR_79264,0
CR_153009,1
CR_129526,1
CR_17572,1
CR_55506,1
CR_27907,1
CR_8706,1
CR_68455,1
CR_64790,1
CR_163062,1
CR_69794,1
CR_174010,1
CR_158532,1
CR_147834,1
CR_194511,1
CR_196237,1
CR_143377,1
CR_181470,1
CR_156516,1
CR_140296,1
CR_187674,1
CR_93538,1
CR_169907,1
CR_66137,1
CR_166802,1
CR_58980,1
CR_57833,1
CR_45772,1
CR_150328,1
CR_89442,1
CR_66691,1
CR_137705,1
CR_99520,1
CR_41834,1
CR_170083,1
CR_10488,1
CR_68573,1
CR_194358,1
CR_19408,1
CR_187872,1
CR_181490,1
CR_115640,1
CR_62154,1
CR_36031,1
CR_112759,1
CR_187126,1
CR_181376,1
CR_96911,1
CR_138724,1
CR_81685,1
CR_185079,1
CR_25199,1
CR_71186,1
CR_32787,1
CR_143336,1
CR_37060,1
CR_130056,1
CR_5894,1
CR_67193,1
CR_83853,1
CR_62759,1
CR_137331,1
CR_190133,1
CR_180857,1
CR_179909,1
CR_190710,1
CR_134536,1
CR_133577,1
CR_88569,1
CR_106995,1
CR_184489,1
CR_9574,1
CR_54111,1
CR_22135,1
CR_47205,1
CR_75718,1
CR_76848,1
CR_113307,1
CR_30550,1
CR_19683,1
CR_93771,1
CR_37274,1
CR_87671,0
CR_173104,1
CR_57385,1
CR_165746,1
CR_66908,1
CR_77000,1
CR_166820,1
CR_40979,1
CR_141858,1
CR_59835,1
CR_15720,1
CR_191405,1
CR_155607,0
CR_127556,1
CR_144018,1
CR_124723,1
CR_76426,1
CR_41218,1
CR_11689,1
CR_56434,1
CR_38167,1
CR_178851,1
CR_195665,1
CR_192090,0
CR_4124,1
CR_29472,1
CR_122420,1
CR_22403,1
CR_95420,1
CR_85478,1
CR_158647,1
CR_173716,1
CR_90963,1
CR_52202,1
CR_67330,1
CR_43092,1
CR_4155,1
CR_66488,1
CR_71324,1
CR_53387,1
CR_175099,1
CR_55627,1
CR_53144,1
CR_3589,1
CR_37002,1
CR_51954,1
CR_121906,1
CR_141508,1
CR_49234,1
CR_17636,1
CR_160184,1
CR_72688,1
CR_183776,1
CR_191417,1
CR_86496,1
CR_186417,1
CR_16637,1
CR_160362,1
CR_26833,1
CR_93577,1
CR_190295,0
CR_129961,1
CR_41847,1
CR_115541,1
CR_86869,1
CR_11941,1
CR_69000,1
CR_85790,1
CR_182464,1
CR_115192,1
CR_36689,1
CR_124978,1
CR_148386,1
CR_185384,1
CR_186885,1
CR_194740,1
CR_137187,1
CR_44077,1
CR_5461,1
CR_47466,1
CR_27092,1
CR_35302,1
CR_53577,1
CR_153069,1
CR_190235,1
CR_149426,1
CR_122790,1
CR_31427,1
CR_134026,1
CR_117728,1
CR_71107,1
CR_135039,1
CR_7883,1
CR_20190,1
CR_109478,1
CR_190208,1
CR_18358,0
CR_127954,1
CR_128493,1
CR_192039,1
CR_87101,1
CR_26530,0
CR_4058,1
CR_37220,1
CR_13312,1
CR_2018,1
CR_15705,1
CR_147127,1
CR_15102,1
CR_19530,1
CR_70267,1
CR_157591,1
CR_16925,1
CR_21164,1
CR_29148,1
CR_96678,1
CR_107979,1
CR_54357,1
CR_135967,1
CR_76822,1
CR_141774,1
CR_125771,1
CR_66916,1
CR_126086,1
CR_113441,1
CR_109443,1
CR_54538,1
CR_80387,1
CR_38745,1
CR_53852,1
CR_32119,1
CR_30464,1
CR_108463,1
CR_89030,1
CR_153486,1
CR_151774,1
CR_77872,1
CR_111484,1
CR_183390,1
CR_154124,1
CR_163892,1
CR_70286,1
CR_34343,1
CR_193177,1
CR_51141,1
CR_82962,1
CR_33219,1
CR_150443,1
CR_38950,1
CR_156901,1
CR_143219,1
CR_151987,1
CR_128422,1
CR_100044,1
CR_176242,1
CR_85604,1
CR_41690,1
CR_143654,1
CR_168813,0
CR_103043,1
CR_59997,1
CR_45655,1
CR_190759,1
CR_143655,1
CR_104819,1
CR_11598,1
CR_31621,1
CR_130098,1
CR_85142,1
CR_84950,1
CR_22638,1
CR_10760,1
CR_82238,1
CR_72247,1
CR_151932,1
CR_158604,1
CR_47464,1
CR_119664,1
CR_122047,1
CR_36943,1
CR_7723,1
CR_174069,1
CR_146633,1
CR_131675,1
CR_102909,1
CR_176790,1
CR_53511,1
CR_115117,1
CR_96210,1
CR_110847,1
CR_156557,1
CR_83347,1
CR_20729,1
CR_117496,0
CR_182496,1
CR_166040,1
CR_135196,1
CR_17519,1
CR_182293,1
CR_64460,1
CR_155948,1
CR_69797,1
CR_81416,1
CR_32478,1
CR_58606,1
CR_185414,1
CR_197068,1
CR_64639,1
CR_75717,1
CR_94624,1
CR_18872,1
CR_9296,1
CR_166724,1
CR_152684,1
CR_126277,1
CR_156978,1
CR_108845,1
CR_42456,1
CR_46874,1
CR_179616,1
CR_192187,1
CR_108641,1
CR_9144,1
CR_90173,1
CR_139494,1
CR_156154,1
CR_172899,1
CR_74090,1
CR_56424,1
CR_97314,1
CR_81695,1
CR_167442,1
CR_187723,1
CR_78991,1
CR_189138,1
CR_171675,1
CR_24496,1
CR_99502,1
CR_71958,1
CR_83866,1
CR_15482,1
CR_29850,1
CR_87691,1
CR_9510,1
CR_112641,1
CR_68445,1
CR_27482,1
CR_146695,1
CR_172584,1
CR_69987,0
CR_96503,1
CR_91176,1
CR_156881,1
CR_2372,1
CR_131294,1
CR_166122,1
CR_195155,1
CR_191089,1
CR_141226,1
CR_51083,1
CR_1718,1
CR_4023,1
CR_134248,1
CR_95266,1
CR_18057,1
CR_45072,1
CR_108981,1
CR_174147,1
CR_162769,1
CR_180382,1
CR_35578,1
CR_15613,1
CR_4629,1
CR_160445,1
CR_167191,1
CR_30923,1
CR_130625,1
CR_190263,1
CR_78161,1
CR_80296,1
CR_66778,0
CR_31474,1
CR_75663,1
CR_57790,1
CR_179776,1
CR_183192,1
CR_153202,1
CR_136650,1
CR_19894,1
CR_68648,1
CR_168984,1
CR_75090,1
CR_65553,1
CR_176654,1
CR_32370,1
CR_176226,1
CR_2811,1
CR_114521,1
CR_32268,1
CR_129179,0
CR_120641,0
CR_129158,1
CR_27827,1
CR_177970,1
CR_185246,1
CR_59428,1
CR_186187,1
CR_89894,1
CR_81095,0
CR_124763,1
CR_78233,1
CR_125348,1
CR_105469,1
CR_140814,1
CR_56969,1
CR_39702,1
CR_104003,1
CR_85792,1
CR_120422,0
CR_69354,1
CR_52674,1
CR_109503,1
CR_52305,1
CR_104340,1
CR_125400,1
CR_171403,1
CR_46487,1
CR_4285,1
CR_154841,1
CR_103392,1
CR_116638,1
CR_93236,1
CR_34197,1
CR_105664,1
CR_42724,0
CR_192782,1
CR_173712,1
CR_142933,1
CR_77207,1
CR_148129,1
CR_95549,1
CR_178283,1
CR_28901,1
CR_70225,1
CR_98332,1
CR_93755,1
CR_125759,1
CR_100026,0
CR_68951,1
CR_65327,1
CR_158932,1
CR_127344,1
CR_128950,1
CR_115578,1
CR_61815,1
CR_74033,1
CR_22641,1
CR_87720,1
CR_115426,1
CR_111387,1
CR_102510,1
CR_134829,1
CR_130093,1
CR_131820,1
CR_37160,1
CR_131170,1
CR_45262,1
CR_85854,1
CR_55670,1
CR_34154,1
CR_197415,1
CR_165728,1
CR_15920,1
CR_113273,1
CR_119844,1
CR_26813,1
CR_6781,1
CR_185158,1
CR_197679,1
CR_172604,1
CR_68679,1
CR_15729,1
CR_103792,1
CR_171858,1
CR_105878,1
CR_72398,1
CR_107597,1
CR_42222,0
CR_129132,1
CR_150184,1
CR_67790,1
CR_43376,1
CR_140398,1
CR_192398,1
CR_135599,1
CR_52446,1
CR_80542,1
CR_105168,1
CR_66605,1
CR_164622,1
CR_137920,1
CR_84594,1
CR_131588,1
CR_178818,1
CR_184142,1
CR_100370,1
CR_126589,1
CR_47033,1
CR_197089,1
CR_77570,1
CR_194503,1
CR_64721,1
CR_170841,1
CR_35756,1
CR_59680,1
CR_30054,1
CR_105468,1
CR_132917,1
CR_55675,1
CR_56188,1
CR_51966,1
CR_186438,1
CR_11946,1
CR_33470,1
CR_136543,1
CR_120917,1
CR_118368,1
CR_89705,1
CR_140719,1
CR_185241,1
CR_194448,0
CR_29784,1
CR_143703,1
CR_27202,1
CR_179287,1
CR_192787,1
CR_95922,1
CR_52695,1
CR_152529,0
CR_149422,1
CR_35129,1
CR_99226,1
CR_160700,1
CR_47294,1
CR_71604,0
CR_25020,1
CR_125772,1
CR_140120,1
CR_60011,1
CR_189773,1
CR_19582,1
CR_164877,1
CR_166652,1
CR_193197,1
CR_186009,1
CR_106934,1
CR_136705,1
CR_13737,1
CR_196575,1
CR_156354,0
CR_86467,1
CR_1388,1
CR_109715,1
CR_133058,1
CR_36692,1
CR_31839,0
CR_164962,1
CR_174060,1
CR_89794,1
CR_65127,1
CR_175159,1
CR_157057,1
CR_163992,1
CR_137930,1
CR_114764,1
CR_185784,1
CR_88405,1
CR_58877,1
CR_162038,1
CR_147205,1
CR_18570,1
CR_172917,1
CR_76577,1
CR_16901,1
CR_8615,1
CR_136330,1
CR_126950,1
CR_34836,1
CR_62707,1
CR_81207,0
CR_100607,1
CR_5930,1
CR_195254,1
CR_171667,1
CR_43143,1
CR_83096,1
CR_115351,1
CR_177882,1
CR_146645,1
CR_44112,1
CR_5364,1
CR_31977,1
CR_154230,1
CR_58596,1
CR_163836,1
CR_164846,1
CR_156750,1
CR_146194,0
CR_160820,1
CR_68737,1
CR_149302,1
CR_189269,1
CR_156711,1
CR_143786,1
CR_94868,1
CR_73878,1
CR_166986,1
CR_80733,1
CR_47518,1
CR_29861,1
CR_93733,1
CR_33073,1
CR_17320,0
CR_193306,1
CR_39100,1
CR_196457,1
CR_181822,1
CR_156099,1
CR_130310,1
CR_151883,1
CR_91116,1
CR_132612,1
CR_177055,1
CR_23576,1
CR_25095,1
CR_170800,1
CR_61383,1
CR_27010,1
CR_21668,1
CR_154658,1
CR_29923,1
CR_80077,0
CR_163641,1
CR_40172,1
CR_53745,1
CR_31234,1
CR_93670,1
CR_185707,1
CR_14400,1
CR_43060,1
CR_72005,1
CR_18564,1
CR_51312,1
CR_6397,1
CR_106835,1
CR_59552,1
CR_146488,1
CR_66621,1
CR_83089,1
CR_121278,1
CR_37681,1
CR_94376,1
CR_49615,1
CR_93861,1
CR_172186,1
CR_20769,1
CR_150454,1
CR_146387,1
CR_8637,1
CR_21392,1
CR_136738,1
CR_172541,1
CR_191906,1
CR_178678,1
CR_126201,1
CR_79407,0
CR_68552,1
CR_194968,1
CR_103467,1
CR_80690,1
CR_62457,1
CR_190883,1
CR_85981,1
CR_122775,1
CR_198251,1
CR_163734,1
CR_127223,1
CR_96674,0
CR_70922,1
CR_171994,1
CR_170748,1
CR_142190,1
CR_99469,1
CR_88538,1
CR_155348,1
CR_136472,1
CR_3314,1
CR_89823,1
CR_96432,1
CR_171255,1
CR_31663,0
CR_60418,1
CR_39618,1
CR_28678,1
CR_139462,1
CR_60201,1
CR_30062,1
CR_169278,1
CR_28337,1
CR_9468,1
CR_38034,1
CR_149281,1
CR_122575,1
CR_104676,1
CR_40281,1
CR_68344,1
CR_24220,0
CR_38983,1
CR_174364,1
CR_71819,1
CR_112281,1
CR_103405,1
CR_3099,1
CR_116949,1
CR_162949,1
CR_116508,1
CR_163224,1
CR_52732,1
CR_64740,1
CR_131853,1
CR_136860,1
CR_154838,1
CR_93408,1
CR_151833,1
CR_180331,1
CR_13194,1
CR_91514,1
CR_47250,1
CR_91334,1
CR_165093,1
CR_156164,1
CR_19337,1
CR_163078,1
CR_141025,1
CR_60050,1
CR_103769,1
CR_60407,1
CR_73266,1
CR_61459,1
CR_45008,1
CR_194630,1
CR_51247,1
CR_81481,1
CR_113685,1
CR_194671,1
CR_4565,1
CR_118945,1
CR_14637,1
CR_126135,1
CR_17457,1
CR_148163,1
CR_175508,1
CR_48582,1
CR_145998,0
CR_60698,1
CR_129862,1
CR_122204,1
CR_188559,1
CR_128369,1
CR_49962,1
CR_184108,1
CR_61092,1
CR_18275,1
CR_116990,1
CR_198789,1
CR_91110,1
CR_14106,1
CR_9331,1
CR_30608,1
CR_4517,1
CR_132405,1
CR_2079,1
CR_2619,1
CR_41398,1
CR_11066,1
CR_110319,1
CR_174667,1
CR_35072,1
CR_173283,1
CR_143370,1
CR_142128,1
CR_121796,1
CR_87644,1
CR_9362,1
CR_52229,1
CR_96457,1
CR_155142,1
CR_55504,1
CR_7860,1
CR_1137,1
CR_14023,1
CR_40313,1
CR_65365,1
CR_4290,1
CR_194010,0
CR_146804,1
CR_110886,1
CR_171947,0
CR_59957,1
CR_63899,1
CR_127801,1
CR_77942,1
CR_16490,1
CR_48829,1
CR_175760,1
CR_9128,1
CR_46695,1
CR_69742,1
CR_132578,1
CR_85368,1
CR_43040,1
CR_23420,1
CR_82242,1
CR_97263,1
CR_102415,1
CR_9523,1
CR_126723,1
CR_39995,1
CR_36928,0
CR_194099,1
CR_47879,1
CR_82045,1
CR_176037,1
CR_67889,1
CR_147156,0
CR_173031,1
CR_43699,1
CR_164915,1
CR_45850,1
CR_152482,1
CR_67170,1
CR_51439,1
CR_96729,1
CR_152146,1
CR_17237,1
CR_132298,1
CR_170711,1
CR_168845,1
CR_28691,1
CR_13643,1
CR_128588,1
CR_86619,1
CR_41885,1
CR_68402,1
CR_146192,1
CR_161572,1
CR_105341,1
CR_30348,1
CR_51310,1
CR_128713,1
CR_150779,1
CR_143736,1
CR_34411,1
CR_16421,1
CR_77391,1
CR_122377,1
CR_101200,1
CR_16782,1
CR_8213,1
CR_119061,1
CR_37121,1
CR_34785,1
CR_79773,1
CR_131548,1
CR_141812,1
CR_26695,1
CR_183701,1
CR_87114,1
CR_34487,0
CR_103340,1
CR_100496,1
CR_59859,1
CR_116265,1
CR_127545,1
CR_81143,1
CR_162026,1
CR_177010,1
CR_133171,1
CR_2874,1
CR_21301,1
CR_195066,1
CR_130022,1
CR_152018,1
CR_10945,1
CR_88099,1
CR_38222,1
CR_42263,1
CR_93614,1
CR_41369,1
CR_154676,1
CR_728,1
CR_166199,1
CR_66924,1
CR_158319,1
CR_156390,1
CR_176375,1
CR_68308,1
CR_193510,1
CR_4867,1
CR_87938,1
CR_64508,1
CR_123884,1
CR_9638,1
CR_134071,1
CR_126127,1
CR_31736,1
CR_151508,1
CR_21140,1
CR_33405,1
CR_35345,1
CR_196538,1
CR_150096,1
CR_131581,1
CR_57232,1
CR_21882,1
CR_56646,1
CR_174233,1
CR_151058,1
CR_20154,1
CR_52497,1
CR_26681,1
CR_32682,1
CR_148566,1
CR_111260,1
CR_43095,1
CR_9022,1
CR_20414,1
CR_132557,0
CR_45134,1
CR_69733,1
CR_63068,1
CR_156717,1
CR_37309,1
CR_105644,1
CR_15903,1
CR_161671,1
CR_77575,1
CR_71586,1
CR_144289,1
CR_170481,1
CR_112418,1
CR_86672,1
CR_111182,1
CR_124684,1
CR_171062,0
CR_76146,1
CR_12907,1
CR_26388,1
CR_106913,1
CR_193376,1
CR_179026,1
CR_124434,1
CR_65151,1
CR_55948,1
CR_169624,0
CR_164262,1
CR_59065,0
CR_164695,1
CR_136615,1
CR_146548,1
CR_38746,1
CR_88803,1
CR_72063,1
CR_45699,1
CR_98555,1
CR_32907,1
CR_130951,1
CR_142614,1
CR_161976,1
CR_93906,1
CR_64046,1
CR_12023,1
CR_149552,1
CR_100825,1
CR_101112,1
CR_119065,1
CR_115362,1
CR_53336,1
CR_41,0
CR_10482,1
CR_68862,1
CR_86041,1
CR_2258,1
CR_82803,1
CR_56415,1
CR_173974,1
CR_90739,1
CR_187074,1
CR_191860,1
CR_4850,1
CR_173109,1
CR_165283,1
CR_129216,1
CR_176402,1
CR_109950,1
CR_46509,1
CR_140126,1
CR_25071,1
CR_86349,1
CR_34351,1
CR_25928,0
CR_143249,1
CR_104403,1
CR_86214,1
CR_130916,1
CR_136533,1
CR_154009,1
CR_45660,1
CR_34635,1
CR_58343,1
CR_8783,1
CR_138949,1
CR_47811,1
CR_51416,1
CR_149368,1
CR_141303,1
CR_62938,1
CR_82312,1
CR_59860,1
CR_5580,1
CR_119295,1
CR_175103,1
CR_30476,1
CR_79230,1
CR_102248,1
CR_147426,1
CR_103886,1
CR_163146,1
CR_54379,1
CR_56214,1
CR_197742,1
CR_104859,1
CR_24777,1
CR_64838,1
CR_40309,1
CR_140477,1
CR_87891,1
CR_138804,1
CR_121424,1
CR_15067,1
CR_12364,1
CR_112163,1
CR_64045,1
CR_71793,1
CR_91954,1
CR_102354,1
CR_135826,1
CR_23548,1
CR_156525,1
CR_194570,1
CR_22663,1
CR_182977,1
CR_46092,1
CR_99312,1
CR_81758,1
CR_29111,1
CR_59289,1
CR_51521,1
CR_24897,1
CR_172081,1
CR_61725,1
CR_102936,1
CR_85479,1
CR_111407,1
CR_185464,1
CR_68947,1
CR_56560,1
CR_5613,1
CR_27705,1
CR_38429,1
CR_190184,1
CR_37557,1
CR_166178,1
CR_70868,1
CR_117090,1
CR_110459,1
CR_109719,1
CR_44918,1
CR_184680,1
CR_125320,1
CR_86854,1
CR_51777,1
CR_154322,1
CR_26585,1
CR_108783,1
CR_46075,1
CR_16763,1
CR_41723,0
CR_76731,1
CR_126382,1
CR_1221,1
CR_195209,1
CR_174827,1
CR_80133,1
CR_73060,1
CR_11666,1
CR_128821,1
CR_91843,1
CR_44733,1
CR_189825,1
CR_136571,1
CR_17346,1
CR_663,1
CR_62453,1
CR_78107,1
CR_169974,1
CR_155417,1
CR_118660,1
CR_151205,1
CR_185098,1
CR_38092,1
CR_187087,1
CR_143178,1
CR_35532,1
CR_111231,1
CR_149136,1
CR_28506,1
CR_89955,1
CR_46054,1
CR_10129,1
CR_16625,1
CR_171745,1
CR_101926,1
CR_40622,1
CR_53583,1
CR_42855,1
CR_151333,1
CR_48826,1
CR_26744,1
CR_180989,1
CR_38230,1
CR_93703,1
CR_66854,1
CR_95248,1
CR_5910,1
CR_131864,1
CR_96138,1
CR_170289,1
CR_627,1
CR_16405,1
CR_44162,1
CR_153713,1
CR_39105,1
CR_75884,1
CR_39231,1
CR_128843,1
CR_185838,1
CR_177366,1
CR_46308,1
CR_191094,1
CR_81373,1
CR_154239,1
CR_110727,1
CR_84310,1
CR_24314,0
CR_21125,1
CR_172766,1
CR_159118,1
CR_156787,1
CR_177686,1
CR_1892,1
CR_36519,1
CR_194887,1
CR_20187,1
CR_190222,1
CR_22250,1
CR_96085,1
CR_58375,1
CR_198440,1
CR_62374,1
CR_6359,1
CR_162937,1
CR_89905,1
CR_120427,1
CR_134365,1
CR_89782,1
CR_129203,1
CR_41324,1
CR_71426,1
CR_150622,1
CR_37743,1
CR_101998,1
CR_146152,1
CR_101156,1
CR_65489,1
CR_9463,1
CR_29515,1
CR_104216,1
CR_135611,1
CR_90459,1
CR_27884,1
CR_87429,1
CR_16346,1
CR_160031,1
CR_60788,1
CR_130389,1
CR_102050,1
CR_145182,1
CR_85435,1
CR_12835,1
CR_140368,1
CR_53084,1
CR_193145,1
CR_118162,1
CR_84985,1
CR_75515,1
CR_172997,1
CR_158264,1
CR_36964,1
CR_100134,1
CR_109021,1
CR_94065,1
CR_198265,1
CR_63385,1
CR_7173,1
CR_24150,1
CR_189475,1
CR_147158,1
CR_185337,1
CR_4783,1
CR_22584,1
CR_158069,1
CR_90080,1
CR_181989,1
CR_1069,1
CR_185749,1
CR_2729,1
CR_37184,1
CR_77709,1
CR_150027,1
CR_75019,1
CR_71045,1
CR_87981,1
CR_6068,1
CR_7881,1
CR_96354,1
CR_108859,1
CR_168217,1
CR_78781,1
CR_99046,1
CR_9518,1
CR_86975,1
CR_24024,1
CR_125889,1
CR_160247,1
CR_131255,1
CR_72695,1
CR_2230,1
CR_102709,1
CR_139706,1
CR_142025,1
CR_14592,1
CR_198713,1
CR_191694,1
CR_85418,1
CR_82716,1
CR_52372,1
CR_184530,1
CR_61173,1
CR_182715,1
CR_17393,1
CR_58274,1
CR_72522,1
CR_59675,1
CR_112607,1
CR_176029,1
CR_41782,1
CR_166182,1
CR_111998,1
CR_167390,1
CR_23613,1
CR_150823,1
CR_30899,1
CR_123074,1
CR_18043,1
CR_133834,1
CR_65051,1
CR_16400,1
CR_175491,1
CR_100115,1
CR_80154,1
CR_94587,1
CR_49190,1
CR_96171,1
CR_125193,1
CR_196584,1
CR_97563,1
CR_180550,1
CR_158193,1
CR_18963,1
CR_50164,1
CR_117937,1
CR_165296,1
CR_186454,1
CR_44384,1
CR_28742,1
CR_135101,1
CR_178941,1
CR_84831,0
CR_36581,1
CR_3445,1
CR_19093,1
CR_96685,1
CR_156084,1
CR_19088,1
CR_196272,1
CR_82632,1
CR_120572,0
CR_35775,1
CR_132024,1
CR_28684,1
CR_59508,1
CR_53683,1
CR_29191,1
CR_167336,1
CR_33258,1
CR_136322,1
CR_163310,1
CR_104050,1
CR_64943,1
CR_105294,1
CR_45462,1
CR_106812,1
CR_52149,1
CR_185842,1
CR_183607,1
CR_78288,1
CR_166555,1
CR_118193,1
CR_110001,1
CR_185576,1
CR_59725,1
CR_109809,1
CR_134575,1
CR_118284,1
CR_36632,1
CR_88980,1
CR_163963,1
CR_11728,1
CR_1191,1
CR_191123,1
CR_47062,0
CR_35939,1
CR_35592,1
CR_100921,1
CR_64651,1
CR_142819,1
CR_68418,1
CR_146606,1
CR_171031,1
CR_41096,1
CR_83422,1
CR_185519,1
CR_37738,1
CR_4407,1
CR_110868,1
CR_188477,1
CR_156927,1
CR_126054,1
CR_97539,1
CR_129817,1
CR_161596,1
CR_179865,1
CR_90644,1
CR_58834,1
CR_15527,1
CR_78187,1
CR_64111,1
CR_74952,1
CR_134393,1
CR_64140,1
CR_98225,1
CR_160395,1
CR_103503,1
CR_11425,1
CR_27133,1
CR_47053,1
CR_100719,1
CR_73933,1
CR_161812,1
CR_184564,1
CR_111723,1
CR_14145,1
CR_103634,1
CR_182316,1
CR_160545,1
CR_28230,1
CR_177293,1
CR_92639,1
CR_17641,0
CR_82065,1
CR_84906,1
CR_55000,1
CR_189831,1
CR_34376,1
CR_62966,1
CR_15386,1
CR_56337,1
CR_125146,1
CR_27359,1
CR_33690,0
CR_65577,1
CR_542,1
CR_110945,1
CR_145729,1
CR_113778,1
CR_191304,1
CR_188,1
CR_70247,1
CR_141487,1
CR_107854,1
CR_126097,1
CR_122471,1
CR_133503,1
CR_192381,1
CR_126806,1
CR_26179,1
CR_18838,1
CR_128992,1
CR_56490,1
CR_142705,1
CR_185113,1
CR_126542,1
CR_163492,1
CR_34855,1
CR_54852,1
CR_80771,1
CR_6696,1
CR_136375,0
CR_186289,1
CR_137266,1
CR_132031,1
CR_265,1
CR_119994,1
CR_23635,0
CR_100495,1
CR_158794,1
CR_157131,1
CR_57065,1
CR_35645,1
CR_68748,1
CR_72274,1
CR_84666,1
CR_141598,1
CR_27655,1
CR_18030,1
CR_174723,1
CR_13602,1
CR_160418,1
CR_3506,1
CR_79497,1
CR_195152,0
CR_105890,1
CR_108045,1
CR_164072,1
CR_80145,1
CR_54825,1
CR_39919,0
CR_70340,0
CR_46057,1
CR_87364,1
CR_137314,1
CR_22293,1
CR_103850,1
CR_26682,1
CR_38931,1
CR_127210,1
CR_124920,1
CR_109754,1
CR_78104,1
CR_84803,1
CR_73037,1
CR_90260,1
CR_121467,1
CR_179308,1
CR_152732,1
CR_128041,1
CR_13070,1
CR_185518,1
CR_22408,1
CR_23378,0
CR_29320,1
CR_21166,1
CR_131136,1
CR_178506,1
CR_26250,1
CR_8655,1
CR_649,1
CR_68360,1
CR_165681,1
CR_33670,1
CR_77852,1
CR_171261,1
CR_44471,1
CR_120407,1
CR_71411,1
CR_24568,1
CR_152467,0
CR_76324,1
CR_14740,1
CR_126257,1
CR_173542,1
CR_194604,1
CR_6461,1
CR_20298,1
CR_49039,1
CR_97204,1
CR_147997,1
CR_33112,1
CR_157110,1
CR_84296,1
CR_124959,1
CR_84443,1
CR_163870,1
CR_176874,1
CR_32972,1
CR_170978,1
CR_31247,1
CR_37436,1
CR_148403,1
CR_118301,1
CR_12156,1
CR_107687,1
CR_198,1
CR_188007,1
CR_85043,1
CR_111773,1
CR_17205,1
CR_181343,1
CR_129519,1
CR_183205,1
CR_17091,1
CR_5076,1
CR_128707,1
CR_125000,1
CR_34375,1
CR_146477,1
CR_129113,1
CR_25160,1
CR_164495,1
CR_22570,1
CR_180619,1
CR_145984,1
CR_152494,1
CR_105754,1
CR_75747,1
CR_129169,1
CR_123620,1
CR_84241,1
CR_95306,1
CR_60778,1
CR_70106,1
CR_43736,1
CR_33365,1
CR_141940,1
CR_180955,1
CR_93617,1
CR_165092,1
CR_192515,1
CR_78865,1
CR_182106,1
CR_39895,1
CR_42354,1
CR_148428,1
CR_10486,1
CR_139789,1
CR_175962,1
CR_159464,1
CR_62089,1
CR_143818,1
CR_28469,1
CR_45625,1
CR_41866,1
CR_7966,1
CR_45457,1
CR_9344,1
CR_98538,1
CR_110132,0
CR_188104,1
CR_150384,0
CR_137224,1
CR_141195,1
CR_121413,1
CR_97735,1
CR_163571,1
CR_13566,1
CR_45360,1
CR_63037,1
CR_183538,1
CR_67078,1
CR_177265,1
CR_140148,1
CR_130236,1
CR_194836,1
CR_4570,1
CR_167907,1
CR_167205,1
CR_124459,1
CR_28725,1
CR_133578,1
CR_164112,1
CR_86476,1
CR_48238,1
CR_175091,1
CR_78629,1
CR_53249,1
CR_131464,1
CR_157628,1
CR_24376,1
CR_4135,1
CR_5420,1
CR_109147,1
CR_193611,1
CR_73109,1
CR_89074,1
CR_118554,1
CR_17456,1
CR_114745,1
CR_158890,1
CR_190625,1
CR_174810,1
CR_126877,1
CR_161959,1
CR_47150,1
CR_146064,1
CR_172822,1
CR_121030,1
CR_181770,1
CR_175460,0
CR_18220,1
CR_146481,1
CR_183372,1
CR_71992,1
CR_9120,1
CR_21531,1
CR_12222,1
CR_20465,1
CR_21878,1
CR_83005,1
CR_148864,1
CR_182298,1
CR_123220,1
CR_33769,0
CR_5240,1
CR_190758,1
CR_128168,1
CR_17284,1
CR_188348,1
CR_26055,1
CR_161818,1
CR_15088,1
CR_31147,1
CR_33734,1
CR_192346,1
CR_156907,1
CR_106931,1
CR_171542,1
CR_116589,1
CR_179881,1
CR_29584,1
CR_130984,1
CR_32258,1
CR_174276,1
CR_112338,1
CR_192102,1
CR_129547,1
CR_70191,1
CR_140608,1
CR_32845,1
CR_156972,1
CR_132553,0
CR_47336,1
CR_103763,1
CR_73326,1
CR_68495,1
CR_37812,1
CR_35353,1
CR_59992,1
CR_167097,1
CR_111186,1
CR_50208,1
CR_109939,1
CR_196039,1
CR_26895,1
CR_152199,1
CR_152328,1
CR_140854,1
CR_43581,1
CR_3804,1
CR_40160,1
CR_56016,1
CR_38379,1
CR_169195,1
CR_105554,0
CR_157092,1
CR_48900,1
CR_159673,1
CR_88998,1
CR_148639,1
CR_122603,1
CR_1382,1
CR_168333,1
CR_106830,1
CR_98533,1
CR_191168,1
CR_181628,1
CR_141256,0
CR_106533,1
CR_11332,1
CR_28976,1
CR_133399,1
CR_117578,1
CR_113968,1
CR_140683,1
CR_27778,1
CR_193156,1
CR_127994,1
CR_124058,1
CR_170526,1
CR_198391,1
CR_196073,1
CR_193939,1
CR_60124,1
CR_82476,1
CR_150629,1
CR_188071,1
CR_150191,1
CR_169651,1
CR_170881,1
CR_21816,1
CR_32820,0
CR_155597,1
CR_128124,1
CR_88408,1
CR_184740,1
CR_191061,1
CR_182188,1
CR_46466,1
CR_147469,1
CR_28870,1
CR_118561,1
CR_121625,1
CR_103762,1
CR_181573,1
CR_31603,1
CR_29284,1
CR_100629,1
CR_171149,1
CR_195311,1
CR_168283,1
CR_5899,1
CR_166466,1
CR_137101,1
CR_86932,1
CR_45194,1
CR_152635,0
CR_50783,1
CR_64788,1
CR_21335,1
CR_158825,1
CR_150312,1
CR_61043,1
CR_47360,1
CR_165514,1
CR_94261,1
CR_178900,1
CR_20085,1
CR_157679,1
CR_168227,1
CR_138782,1
CR_142267,1
CR_14091,1
CR_2177,1
CR_24810,0
CR_96825,1
CR_59184,1
CR_84761,1
CR_165382,1
CR_103364,1
CR_62334,1
CR_177110,1
CR_98618,1
CR_4712,1
CR_40496,1
CR_144600,1
CR_172320,1
CR_186583,1
CR_4865,1
CR_41427,0
CR_43562,1
CR_48020,1
CR_81346,1
CR_37305,1
CR_34475,0
CR_196499,1
CR_197251,1
CR_109542,1
CR_63620,1
CR_174592,1
CR_94627,1
CR_176323,1
CR_111359,1
CR_65229,1
CR_78838,1
CR_25029,1
CR_100739,1
CR_53604,1
CR_32406,1
CR_17122,1
CR_182796,1
CR_125119,1
CR_59446,1
CR_117408,1
CR_67443,1
CR_122094,1
CR_107411,1
CR_79381,0
CR_181845,1
CR_60121,1
CR_53083,1
CR_16180,1
CR_117127,1
CR_11253,1
CR_6259,1
CR_131107,1
CR_151464,1
CR_36205,1
CR_9387,1
CR_176206,1
CR_20746,1
CR_154181,1
CR_191869,1
CR_39474,1
CR_102381,0
CR_2004,1
CR_97441,0
CR_57917,1
CR_58998,0
CR_130076,1
CR_192172,1
CR_57251,1
CR_138824,1
CR_115292,1
CR_113097,1
CR_13896,1
CR_174215,1
CR_58361,1
CR_132673,1
CR_9021,1
CR_80789,1
CR_174726,1
CR_80589,1
CR_154967,1
CR_133958,1
CR_39786,1
CR_113070,0
CR_132728,1
CR_72520,1
CR_155871,1
CR_101082,1
CR_195338,1
CR_138062,1
CR_50565,1
CR_101396,1
CR_106842,1
CR_41637,1
CR_72812,1
CR_100932,1
CR_84966,1
CR_152884,1
CR_142430,1
CR_28362,1
CR_17518,1
CR_192747,1
CR_148841,1
CR_94597,1
CR_109353,1
CR_19022,1
CR_5554,1
CR_77444,1
CR_198177,1
CR_185744,1
CR_195919,1
CR_194117,1
CR_40392,1
CR_2852,1
CR_11811,1
CR_62233,1
CR_25723,1
CR_58108,1
CR_106146,1
CR_17136,1
CR_3263,1
CR_31960,1
CR_79658,1
CR_24899,1
CR_100546,1
CR_155971,1
CR_51991,1
CR_24015,1
CR_60710,0
CR_151330,1
CR_83991,1
CR_28329,1
CR_8366,1
CR_170945,1
CR_56548,1
CR_180178,0
CR_171915,1
CR_39312,1
CR_135197,1
CR_150568,1
CR_149673,1
CR_123849,1
CR_62227,1
CR_84144,1
CR_54157,1
CR_84964,1
CR_196996,1
CR_155968,1
CR_155841,1
CR_72644,1
CR_38722,1
CR_127544,1
CR_149226,1
CR_32922,1
CR_60092,1
CR_175101,1
CR_165548,1
CR_66597,1
CR_107977,1
CR_18326,1
CR_102758,0
CR_62302,1
CR_171160,1
CR_170834,1
CR_8498,1
CR_181156,1
CR_70680,1
CR_173371,1
CR_170538,1
CR_163797,1
CR_9749,1
CR_101259,0
CR_70158,1
CR_169058,1
CR_134995,1
CR_173699,1
CR_142303,1
CR_112620,1
CR_190187,1
CR_150475,1
CR_162803,1
CR_130185,1
CR_62221,1
CR_14956,1
CR_132245,1
CR_197493,1
CR_13741,1
CR_23390,1
CR_87409,1
CR_84696,0
CR_141438,1
CR_36139,1
CR_33515,1
CR_92746,1
CR_138924,1
CR_10351,1
CR_134573,1
CR_80468,1
CR_46253,1
CR_123843,1
CR_96363,1
CR_105904,1
CR_97290,1
CR_149556,1
CR_124097,1
CR_141743,1
CR_159975,1
CR_183027,1
CR_162476,1
CR_1567,1
CR_120716,1
CR_157782,1
CR_108407,1
CR_145046,1
CR_34682,1
CR_19122,1
CR_27223,1
CR_156438,1
CR_170190,1
CR_178995,1
CR_47158,1
CR_20409,1
CR_41205,1
CR_88179,1
CR_86341,1
CR_84664,1
CR_84704,0
CR_173972,1
CR_97946,0
CR_16824,1
CR_190014,1
CR_32052,1
CR_175203,1
CR_21142,1
CR_24467,1
CR_99181,1
CR_171246,1
CR_16627,1
CR_130884,1
CR_154925,1
CR_28280,1
CR_182021,1
CR_98129,1
CR_45663,1
CR_123029,1
CR_165132,1
CR_168659,0
CR_123370,1
CR_92216,1
CR_118909,1
CR_189480,1
CR_75105,1
CR_181812,1
CR_25936,1
CR_75612,1
CR_55563,1
CR_171637,1
CR_152140,1
CR_43837,1
CR_14101,1
CR_179898,1
CR_152499,1
CR_35689,1
CR_21720,1
CR_114915,1
CR_63786,1
CR_197439,1
CR_189164,1
CR_185050,1
CR_94488,1
CR_187712,1
CR_27637,1
CR_65896,1
CR_116328,1
CR_160054,1
CR_185072,1
CR_48188,1
CR_104515,1
CR_107119,1
CR_59711,1
CR_108861,1
CR_156499,0
CR_172521,1
CR_189668,1
CR_152334,1
CR_88759,1
CR_46227,1
CR_153422,1
CR_155578,1
CR_74148,1
CR_69385,1
CR_37140,1
CR_151654,0
CR_5851,1
CR_16661,1
CR_44409,1
CR_195969,1
CR_87099,1
CR_107000,1
CR_11444,1
CR_172770,1
CR_34755,1
CR_97524,1
CR_115548,1
CR_164444,1
CR_116262,1
CR_107511,1
CR_183019,1
CR_174167,1
CR_172121,1
CR_20056,1
CR_33371,1
CR_133487,1
CR_179675,1
CR_37763,1
CR_123686,1
CR_143266,1
CR_122165,1
CR_28235,1
CR_107722,1
CR_180353,1
CR_120792,1
CR_43099,1
CR_189032,1
CR_178563,1
CR_158333,1
CR_131706,1
CR_178177,1
CR_123191,1
CR_190789,1
CR_54170,1
CR_82689,1
CR_18500,1
CR_139533,1
CR_142738,1
CR_15455,1
CR_161367,1
CR_96252,1
CR_49529,1
CR_15988,1
CR_75877,1
CR_168118,1
CR_12008,1
CR_64381,1
CR_184669,1
CR_83437,1
CR_16310,1
CR_148244,1
CR_139094,1
CR_167875,1
CR_164356,1
CR_48214,1
CR_66738,1
CR_55895,1
CR_15101,1
CR_164796,1
CR_7538,1
CR_164711,1
CR_3080,1
CR_162097,1
CR_60360,1
CR_121436,1
CR_91018,1
CR_164173,1
CR_186738,1
CR_17660,1
CR_11681,1
CR_197025,1
CR_66983,1
CR_165537,1
CR_119271,1
CR_86576,1
CR_40312,1
CR_99341,1
CR_25631,0
CR_16961,1
CR_22087,1
CR_174231,0
CR_97233,1
CR_147822,1
CR_137235,1
CR_147978,1
CR_6036,1
CR_107339,1
CR_112275,1
CR_129531,1
CR_185399,1
CR_139992,1
CR_136461,0
CR_20770,1
CR_98392,1
CR_16263,1
CR_101141,1
CR_145422,1
CR_123798,1
CR_44174,1
CR_134794,1
CR_100865,1
CR_157594,1
CR_168172,1
CR_169840,1
CR_134824,1
CR_116898,1
CR_78743,1
CR_179949,1
CR_117389,1
CR_28812,1
CR_24297,1
CR_107169,1
CR_7004,1
CR_59378,1
CR_72988,1
CR_33384,0
CR_124778,1
CR_191050,1
CR_124390,1
CR_149533,1
CR_73801,1
CR_185683,1
CR_120794,1
CR_136558,1
CR_93129,1
CR_198182,1
CR_40841,1
CR_156036,1
CR_169024,1
CR_61916,1
CR_178363,1
CR_90328,1
CR_56230,1
CR_47621,1
CR_1746,1
CR_175435,1
CR_132629,1
CR_172323,0
CR_191104,1
CR_95889,1
CR_129803,1
CR_105307,1
CR_97904,1
CR_67455,1
CR_85050,1
CR_3903,1
CR_197051,1
CR_2236,1
CR_92732,1
CR_3485,1
CR_167116,1
CR_67558,0
CR_188644,0
CR_114703,1
CR_53143,1
CR_16164,1
CR_55460,1
CR_184967,1
CR_108348,1
CR_178386,1
CR_19086,1
CR_182670,1
CR_98686,1
CR_126921,1
CR_82116,1
CR_109796,1
CR_34322,1
CR_185073,1
CR_138563,1
CR_169138,1
CR_159526,1
CR_148701,1
CR_63052,1
CR_238,1
CR_56422,1
CR_14269,1
CR_15902,1
CR_27969,1
CR_60120,1
CR_137251,1
CR_53617,1
CR_105905,1
CR_26849,1
CR_87065,1
CR_198023,1
CR_66663,1
CR_166679,1
CR_189267,1
CR_161512,0
CR_85713,1
CR_76431,1
CR_24560,1
CR_167567,0
CR_149283,1
CR_114661,1
CR_67800,1
CR_42946,0
CR_140237,1
CR_36446,1
CR_90258,1
CR_72791,1
CR_34679,1
CR_122880,1
CR_83401,1
CR_195134,1
CR_137150,1
CR_186234,1
CR_113790,1
CR_95515,1
CR_125729,1
CR_185585,1
CR_60538,1
CR_142723,1
CR_94165,1
CR_130630,1
CR_65047,1
CR_81575,1
CR_25480,1
CR_99971,1
CR_78431,1
CR_137964,1
CR_110906,1
CR_145590,1
CR_17974,1
CR_197270,1
CR_128399,1
CR_83495,1
CR_21407,1
CR_26415,1
CR_66794,1
CR_142575,1
CR_69767,1
CR_167596,1
CR_193002,1
CR_117531,0
CR_29798,1
CR_164374,1
CR_49202,1
CR_92807,1
CR_161766,1
CR_61608,1
CR_53366,1
CR_176106,1
CR_180254,1
CR_124104,1
CR_119473,1
CR_130451,1
CR_96980,1
CR_162918,1
CR_11516,1
CR_43526,1
CR_48838,1
CR_162777,1
CR_158637,1
CR_145900,1
CR_83524,1
CR_126019,1
CR_60811,1
CR_23543,1
CR_28131,1
CR_132864,1
CR_155294,1
CR_121814,1
CR_141009,1
CR_13801,1
CR_109990,1
CR_18538,1
CR_38945,1
CR_32993,1
CR_32324,1
CR_136439,0
CR_78239,1
CR_188704,1
CR_35579,1
CR_100536,1
CR_110062,0
CR_10267,1
CR_134924,1
CR_119152,1
CR_129396,1
CR_8716,1
CR_144667,1
CR_25372,0
CR_106108,1
CR_178334,1
CR_111964,1
CR_81314,1
CR_131407,1
CR_139196,1
CR_197204,1
CR_88001,1
CR_147402,1
CR_141918,1
CR_127921,1
CR_94201,1
CR_152431,1
CR_78268,1
CR_188711,1
CR_143796,1
CR_110984,1
CR_162885,1
CR_91956,1
CR_111332,1
CR_184465,1
CR_197487,1
CR_47375,1
CR_19561,1
CR_144821,1
CR_123688,1
CR_78906,1
CR_35196,1
CR_110926,1
CR_35805,1
CR_112250,1
CR_79572,1
CR_144106,1
CR_72594,1
CR_24064,0
CR_138817,1
CR_186526,1
CR_91289,1
CR_18379,1
CR_72016,1
CR_61523,1
CR_42155,1
CR_45389,1
CR_53300,1
CR_128203,0
CR_13617,1
CR_106689,1
CR_128489,1
CR_75897,1
CR_86160,1
CR_2124,1
CR_137026,1
CR_97309,1
CR_29491,1
CR_16517,1
CR_125680,1
CR_98467,1
CR_22651,1
CR_108216,1
CR_91729,1
CR_192813,1
CR_23118,1
CR_22101,1
CR_158996,1
CR_138666,1
CR_54862,1
CR_115604,1
CR_331,1
CR_70930,1
CR_149269,1
CR_177287,1
CR_114419,1
CR_76970,1
CR_187612,0
CR_69395,1
CR_182979,1
CR_38441,1
CR_46476,1
CR_79360,1
CR_15009,1
CR_128109,1
CR_149448,1
CR_31006,1
CR_69182,1
CR_123583,1
CR_115653,1
CR_186579,1
CR_110467,1
CR_85775,1
CR_70691,1
CR_44942,1
CR_1283,1
CR_58989,1
CR_167661,1
CR_77211,1
CR_46830,1
CR_79067,1
CR_52429,1
CR_174450,0
CR_189252,1
CR_17437,1
CR_32095,1
CR_3293,1
CR_64830,1
CR_63789,1
CR_95069,1
CR_161471,1
CR_72236,1
CR_42726,1
CR_52522,1
CR_181717,1
CR_84602,1
CR_77003,1
CR_29,1
CR_14832,1
CR_190377,1
CR_187447,1
CR_146662,1
CR_177591,1
CR_159328,1
CR_197148,1
CR_196817,1
CR_148766,1
CR_89301,1
CR_83876,1
CR_143417,1
CR_51804,1
CR_92425,0
CR_38495,1
CR_67029,1
CR_125388,1
CR_23706,1
CR_150594,1
CR_114080,1
CR_185498,1
CR_27860,1
CR_144867,1
CR_183210,1
CR_14035,1
CR_157395,1
CR_105355,1
CR_148142,1
CR_48573,1
CR_103555,1
CR_131731,1
CR_166209,1
CR_143991,1
CR_158743,1
CR_82697,1
CR_185046,1
CR_191826,1
CR_91608,1
CR_74833,1
CR_147628,1
CR_126653,1
CR_768,0
CR_63454,1
CR_149360,1
CR_67474,1
CR_54585,1
CR_151314,1
CR_141727,1
CR_64332,1
CR_78017,1
CR_60794,1
CR_172517,1
CR_46208,1
CR_148795,1
CR_121088,1
CR_11842,1
CR_90464,1
CR_183098,1
CR_180142,1
CR_63343,1
CR_146484,1
CR_160642,1
CR_167338,1
CR_27662,1
CR_160229,0
CR_12760,1
CR_144663,1
CR_163711,1
CR_184308,0
CR_156318,1
CR_145285,1
CR_110298,1
CR_103288,1
CR_19506,1
CR_51497,1
CR_56416,1
CR_171618,1
CR_111047,1
CR_133385,1
CR_165891,0
CR_48107,1
CR_132896,0
CR_157870,1
CR_151102,1
CR_131248,1
CR_81744,1
CR_168904,1
CR_78021,1
CR_156627,1
CR_48445,1
CR_111228,1
CR_32532,1
CR_49071,1
CR_180540,1
CR_174813,1
CR_79250,1
CR_133926,1
CR_46324,1
CR_128615,1
CR_178356,1
CR_134303,0
CR_150837,1
CR_86465,1
CR_110484,1
CR_53512,1
CR_166446,1
CR_14015,1
CR_374,1
CR_71670,0
CR_91682,1
CR_192404,1
CR_105323,1
CR_115531,1
CR_47286,1
CR_107557,1
CR_115934,1
CR_111770,1
CR_24260,1
CR_85457,1
CR_35369,1
CR_49156,1
CR_131947,1
CR_97985,1
CR_177266,1
CR_94693,1
CR_139235,1
CR_117725,1
CR_66591,1
CR_118975,1
CR_136995,1
CR_155031,1
CR_112201,1
CR_41318,1
CR_62821,0
CR_5761,1
CR_4654,1
CR_111976,1
CR_125961,1
CR_171083,1
CR_37849,1
CR_79939,1
CR_42881,0
CR_49310,1
CR_53822,1
CR_167073,1
CR_158405,1
CR_98521,1
CR_89744,1
CR_196086,1
CR_126103,1
CR_2569,1
CR_8160,1
CR_26337,1
CR_143310,1
CR_131216,1
CR_23866,1
CR_60412,1
CR_63079,1
CR_90949,1
CR_129588,1
CR_137479,1
CR_148341,1
CR_2439,1
CR_93318,1
CR_101328,1
CR_117230,1
CR_120053,1
CR_114001,1
CR_25954,1
CR_89634,1
CR_120678,1
CR_97725,1
CR_58924,1
CR_66891,1
CR_187405,1
CR_97922,1
CR_189284,1
CR_165889,1
CR_161630,1
CR_159174,1
CR_76873,1
CR_8970,1
CR_39050,1
CR_31849,0
CR_27556,1
CR_105568,1
CR_174629,1
CR_149620,1
CR_123272,1
CR_140224,1
CR_57838,1
CR_73580,1
CR_22192,1
CR_173198,1
CR_144789,1
CR_72761,1
CR_108829,1
CR_18195,1
CR_120639,1
CR_116833,1
CR_172698,1
CR_42186,1
CR_179408,1
CR_178039,1
CR_187441,1
CR_45248,1
CR_121512,1
CR_161278,0
CR_102570,1
CR_18007,0
CR_16701,1
CR_124028,1
CR_145386,1
CR_82393,1
CR_140327,1
CR_107569,1
CR_86620,1
CR_8346,1
CR_189047,1
CR_80487,1
CR_69589,1
CR_77458,1
CR_198081,1
CR_160478,1
CR_79286,1
CR_132062,1
CR_149784,1
CR_70224,0
CR_87562,1
CR_185076,1
CR_152876,1
CR_167125,1
CR_168974,1
CR_96683,1
CR_111281,1
CR_115216,1
CR_14952,1
CR_18566,1
CR_18791,1
CR_3879,1
CR_187260,1
CR_152191,1
CR_101640,1
CR_3426,1
CR_196484,1
CR_53279,1
CR_42178,1
CR_60116,1
CR_50287,1
CR_130713,1
CR_194724,1
CR_79017,1
CR_95945,1
CR_47334,1
CR_143414,1
CR_124879,0
CR_144288,1
CR_141188,1
CR_183628,1
CR_8500,1
CR_178794,1
CR_126508,1
CR_57997,1
CR_161431,0
CR_163067,1
CR_80640,1
CR_20803,1
CR_67528,1
CR_136116,1
CR_59696,1
CR_72639,1
CR_189366,1
CR_60206,1
CR_163266,1
CR_104631,1
CR_174324,1
CR_20441,1
CR_134186,1
CR_97582,1
CR_73308,1
CR_141061,1
CR_105490,1
CR_27686,1
CR_147421,1
CR_92374,1
CR_178877,1
CR_63553,1
CR_168800,1
CR_71202,1
CR_56348,1
CR_139447,0
CR_10818,1
CR_182337,1
CR_741,1
CR_11186,1
CR_161091,1
CR_135916,1
CR_161921,1
CR_177599,1
CR_28747,1
CR_191354,1
CR_115393,1
CR_174963,1
CR_35544,1
CR_137097,1
CR_110835,1
CR_86974,1
CR_185861,1
CR_15814,1
CR_198152,1
CR_99061,1
CR_154014,1
CR_178327,1
CR_18853,1
CR_14396,1
CR_92169,1
CR_110970,1
CR_80746,1
CR_35926,1
CR_104328,1
CR_160303,1
CR_3051,1
CR_20398,1
CR_125239,1
CR_167512,1
CR_132925,1
CR_118286,1
CR_54234,1
CR_40656,1
CR_144494,1
CR_85381,1
CR_162435,1
CR_95247,1
CR_112489,1
CR_53338,1
CR_35987,1
CR_57931,1
CR_127101,1
CR_149295,1
CR_101994,1
CR_84620,1
CR_127280,1
CR_61988,1
CR_77913,1
CR_26944,1
CR_191612,1
CR_58153,1
CR_107134,1
CR_99919,1
CR_176293,1
CR_176907,1
CR_147009,1
CR_55830,1
CR_123141,1
CR_58469,1
CR_165517,1
CR_134319,1
CR_46668,1
CR_163419,1
CR_87678,1
CR_121845,1
CR_152347,1
CR_186202,1
CR_144684,1
CR_44491,1
CR_143499,0
CR_120924,1
CR_81470,1
CR_88382,1
CR_123231,1
CR_118374,1
CR_121351,1
CR_47561,1
CR_102418,1
CR_197271,1
CR_18801,1
CR_72402,1
CR_90048,1
CR_126205,1
CR_189225,1
CR_148740,1
CR_169233,1
CR_187946,1
CR_70042,1
CR_87975,1
CR_92989,1
CR_77885,1
CR_90339,1
CR_82677,1
CR_194598,1
CR_128935,1
CR_51448,1
CR_86074,1
CR_20853,1
CR_180740,1
CR_24398,1
CR_34195,1
CR_196789,1
CR_141193,1
CR_6882,1
CR_111447,1
CR_49779,1
CR_101853,1
CR_61625,1
CR_20857,1
CR_97575,1
CR_143162,1
CR_174742,1
CR_2257,1
CR_63491,1
CR_73431,1
CR_46853,1
CR_173662,1
CR_83613,1
CR_41543,1
CR_47330,1
CR_164446,1
CR_56889,1
CR_74196,1
CR_27018,1
CR_24407,1
CR_171757,1
CR_72168,1
CR_52340,1
CR_177788,1
CR_20551,1
CR_195290,1
CR_99467,1
CR_43114,1
CR_186881,1
CR_14628,1
CR_6317,1
CR_156777,1
CR_6796,1
CR_139329,1
CR_83037,1
CR_114413,1
CR_59156,1
CR_40615,1
CR_172452,1
CR_131231,1
CR_33111,1
CR_129009,1
CR_181412,1
CR_25101,1
CR_172556,1
CR_171762,1
CR_61832,1
CR_180216,1
CR_29213,1
CR_49944,1
CR_92311,1
CR_166315,1
CR_126745,1
CR_72124,1
CR_66284,1
CR_148401,1
CR_158737,1
CR_55009,1
CR_50718,1
CR_46332,1
CR_129323,1
CR_108446,1
CR_49798,1
CR_53055,1
CR_93635,1
CR_74161,1
CR_107924,1
CR_133141,1
CR_115647,1
CR_162480,1
CR_55804,1
CR_150079,1
CR_48378,1
CR_9388,1
CR_179405,1
CR_62557,0
CR_182245,1
CR_9726,1
CR_163394,1
CR_170313,1
CR_178022,1
CR_60543,1
CR_65305,1
CR_120513,1
CR_82830,1
CR_29310,1
CR_149894,1
CR_68707,1
CR_22374,1
CR_188753,1
CR_122060,1
CR_139570,0
CR_91190,1
CR_80927,1
CR_68946,1
CR_26319,1
CR_104124,1
CR_187271,1
CR_65005,1
CR_144184,1
CR_10739,1
CR_145111,1
CR_134484,1
CR_62235,1
CR_116750,1
CR_2793,1
CR_44530,1
CR_51340,1
CR_76959,1
CR_64636,1
CR_185934,1
CR_123254,1
CR_127241,1
CR_43090,1
CR_101778,1
CR_62772,1
CR_194357,1
CR_113605,1
CR_143769,1
CR_520,1
CR_50931,1
CR_142259,1
CR_46508,1
CR_89817,1
CR_7672,1
CR_52488,1
CR_82766,1
CR_167021,1
CR_18567,1
CR_102147,1
CR_24655,1
CR_148249,1
CR_129552,1
CR_195643,1
CR_60523,1
CR_72576,1
CR_191010,1
CR_61171,1
CR_141770,1
CR_165441,1
CR_167513,1
CR_38148,1
CR_101990,1
CR_40757,1
CR_127432,1
CR_168057,1
CR_179169,1
CR_107313,1
CR_27199,1
CR_164180,1
CR_129686,1
CR_16314,1
CR_103163,1
CR_85997,1
CR_187091,1
CR_16809,1
CR_93662,1
CR_154972,1
CR_74084,1
CR_13795,1
CR_29139,1
CR_118369,0
CR_99895,1
CR_26461,1
CR_2574,1
CR_96553,1
CR_13020,1
CR_12585,1
CR_2685,1
CR_178912,1
CR_132187,1
CR_102775,1
CR_104386,1
CR_169427,1
CR_21849,1
CR_66623,1
CR_10284,1
CR_137012,0
CR_176559,1
CR_166503,1
CR_125445,1
CR_64695,1
CR_60601,1
CR_178945,1
CR_195784,1
CR_181533,0
CR_29243,1
CR_190424,1
CR_124115,1
CR_133807,1
CR_129657,1
CR_8752,1
CR_40689,1
CR_73427,1
CR_126237,1
CR_20162,1
CR_49140,0
CR_84431,1
CR_41728,1
CR_26433,1
CR_121958,1
CR_131608,1
CR_62808,1
CR_145993,1
CR_80628,1
CR_194102,0
CR_147592,1
CR_88716,1
CR_186427,1
CR_59132,1
CR_179467,1
CR_195337,1
CR_153598,1
CR_53735,1
CR_134806,1
CR_46644,1
CR_47898,1
CR_69704,1
CR_46190,1
CR_25977,1
CR_4326,1
CR_20713,1
CR_150739,1
CR_169451,1
CR_154256,1
CR_83706,1
CR_18183,1
CR_30706,1
CR_64194,1
CR_27520,1
CR_74336,1
CR_98764,1
CR_133258,1
CR_107246,1
CR_190980,1
CR_46166,1
CR_23406,1
CR_179436,1
CR_2387,1
CR_5630,1
CR_46383,1
CR_137944,1
CR_33712,1
CR_20903,1
CR_171210,1
CR_84998,1
CR_130291,1
CR_124661,1
CR_91393,1
CR_40265,1
CR_170933,1
CR_187818,1
CR_35044,1
CR_524,1
CR_155855,1
CR_189645,1
CR_161174,1
CR_102122,1
CR_135940,0
CR_121865,1
CR_102967,1
CR_40805,1
CR_55371,1
CR_10125,1
CR_68533,1
CR_95822,1
CR_61187,1
CR_182634,1
CR_150533,1
CR_165603,1
CR_55607,1
CR_197006,1
CR_151015,0
CR_41977,1
CR_122452,1
CR_9733,1
CR_124645,1
CR_90608,1
CR_35195,1
CR_181242,1
CR_35954,1
CR_15629,1
CR_84307,1
CR_23218,1
CR_77687,1
CR_166793,1
CR_108781,1
CR_172056,1
CR_37797,1
CR_54056,1
CR_50627,1
CR_35202,1
CR_188755,1
CR_97730,1
CR_122975,1
CR_75061,1
CR_66048,1
CR_40553,1
CR_40909,1
CR_97872,1
CR_96235,1
CR_154990,1
CR_121520,1
CR_110409,1
CR_180992,1
CR_161464,1
CR_170441,1
CR_137184,1
CR_35437,1
CR_63627,1
CR_154042,1
CR_151664,1
CR_28364,0
CR_149968,1
CR_126515,1
CR_26136,1
CR_29231,1
CR_24808,1
CR_26881,1
CR_38450,1
CR_41335,1
CR_86213,1
CR_147513,1
CR_59422,0
CR_54101,1
CR_68661,1
CR_98501,1
CR_164456,1
CR_154682,1
CR_124925,0
CR_68923,1
CR_42467,1
CR_106758,1
CR_52439,1
CR_61195,1
CR_31105,1
CR_138056,1
CR_177195,1
CR_65675,1
CR_64956,1
CR_128743,1
CR_10371,1
CR_79821,1
CR_148944,1
CR_163084,1
CR_89241,1
CR_83941,1
CR_178324,1
CR_75498,0
CR_195980,1
CR_40654,1
CR_92991,1
CR_38580,1
CR_123446,1
CR_197840,1
CR_196257,1
CR_132281,1
CR_181734,1
CR_127150,1
CR_70215,1
CR_116655,1
CR_104817,1
CR_48656,1
CR_155584,1
CR_172346,1
CR_37865,1
CR_26177,1
CR_115862,1
CR_189041,1
CR_53552,1
CR_147507,1
CR_4335,1
CR_38166,1
CR_165853,1
CR_146543,1
CR_179694,1
CR_50672,1
CR_93582,1
CR_179392,1
CR_187364,1
CR_108239,1
CR_128736,1
CR_195521,1
CR_21593,1
CR_34289,1
CR_15365,1
CR_167247,1
CR_166021,1
CR_188293,1
CR_157626,1
CR_41122,1
CR_11232,1
CR_32713,1
CR_143246,1
CR_132390,1
CR_60221,1
CR_67395,1
CR_73002,1
CR_43134,1
CR_95558,1
CR_140555,1
CR_3795,1
CR_44127,1
CR_175194,1
CR_104775,1
CR_75299,1
CR_116008,1
CR_167041,1
CR_52710,1
CR_5114,1
CR_114719,1
CR_116845,1
CR_24470,1
CR_21072,1
CR_146854,1
CR_73794,1
CR_167544,1
CR_161178,1
CR_38504,1
CR_25518,1
CR_105453,1
CR_163287,1
CR_130703,1
CR_125658,1
CR_157811,1
CR_12519,1
CR_63392,1
CR_48016,1
CR_15125,1
CR_172105,1
CR_169711,1
CR_96925,1
CR_25783,1
CR_35040,1
CR_99217,1
CR_46775,1
CR_167506,1
CR_105121,1
CR_67452,0
CR_59321,1
CR_90445,1
CR_136851,1
CR_139808,1
CR_150600,1
CR_49274,1
CR_182763,1
CR_3044,1
CR_129659,0
CR_35631,1
CR_182624,1
CR_66258,1
CR_125849,1
CR_143010,1
CR_99152,1
CR_59504,1
CR_17261,1
CR_164572,1
CR_150109,1
CR_70750,1
CR_57953,0
CR_94061,1
CR_136081,0
CR_75146,1
CR_143442,1
CR_186733,1
CR_198600,1
CR_176566,1
CR_167117,1
CR_38535,1
CR_36254,1
CR_45593,1
CR_177625,1
CR_111274,1
CR_91045,1
CR_145073,1
CR_90591,1
CR_9142,1
CR_155076,1
CR_108582,1
CR_171896,1
CR_6770,1
CR_135496,1
CR_193662,1
CR_166239,0
CR_147933,1
CR_109339,1
CR_57180,1
CR_79953,1
CR_144520,0
CR_88113,1
CR_63178,1
CR_7104,1
CR_129463,1
CR_76578,1
CR_154179,1
CR_116070,1
CR_30931,1
CR_76009,0
CR_17509,1
CR_113096,1
CR_119499,1
CR_88132,1
CR_154232,1
CR_36011,1
CR_181138,1
CR_88393,1
CR_155854,1
CR_123122,1
CR_12595,1
CR_181253,0
CR_39944,1
CR_129829,1
CR_10751,1
CR_35011,1
CR_37435,1
CR_9169,1
CR_183289,1
CR_141191,1
CR_162955,1
CR_116489,1
CR_151397,1
CR_77725,1
CR_97518,1
CR_27317,1
CR_46458,0
CR_50196,1
CR_96787,1
CR_41231,1
CR_131724,1
CR_132931,1
CR_112873,1
CR_169603,1
CR_26541,1
CR_139860,1
CR_21937,1
CR_114391,1
CR_30652,1
CR_42660,1
CR_117351,1
CR_35221,1
CR_156450,1
CR_98617,1
CR_138034,1
CR_46181,1
CR_137777,1
CR_154162,1
CR_114312,1
CR_15219,1
CR_119047,1
CR_17603,1
CR_149256,1
CR_139124,1
CR_161155,1
CR_84136,1
CR_119252,1
CR_191462,1
CR_65602,1
CR_24589,1
CR_154964,1
CR_29999,1
CR_161285,1
CR_120727,1
CR_176303,1
CR_158812,1
CR_72137,1
CR_23297,1
CR_77361,1
CR_146692,1
CR_164661,1
CR_174319,1
CR_108699,1
CR_57431,1
CR_39025,1
CR_30163,1
CR_136470,1
CR_166283,1
CR_153234,1
CR_115099,1
CR_12066,1
CR_25153,1
CR_143627,1
CR_147721,1
CR_42053,1
CR_36664,1
CR_21858,1
CR_87025,1
CR_42837,1
CR_87793,1
CR_170515,1
CR_143253,1
CR_186280,1
CR_98940,1
CR_10184,1
CR_178887,1
CR_104998,1
CR_178629,1
CR_18647,1
CR_100840,1
CR_110123,1
CR_154706,1
CR_94097,1
CR_133892,1
CR_160061,1
CR_161753,1
CR_26355,1
CR_68535,1
CR_181582,1
CR_149806,1
CR_184868,1
CR_54983,1
CR_84149,1
CR_139761,1
CR_184816,1
CR_114289,1
CR_132932,1
CR_66403,1
CR_180658,1
CR_158238,1
CR_109684,1
CR_168467,1
CR_131236,1
CR_169771,1
CR_57572,1
CR_187885,1
CR_117753,1
CR_13917,1
CR_192449,1
CR_114094,1
CR_13224,1
CR_85519,1
CR_140914,1
CR_96013,1
CR_185926,1
CR_179651,1
CR_122915,1
CR_85585,1
CR_26273,1
CR_188202,1
CR_45681,1
CR_189532,1
CR_143334,1
CR_160097,1
CR_122382,1
CR_47477,1
CR_66570,1
CR_198085,1
CR_34251,1
CR_148489,1
CR_163579,1
CR_150770,1
CR_198273,1
CR_177263,0
CR_136640,1
CR_177387,1
CR_62776,1
CR_178756,1
CR_67400,1
CR_31194,1
CR_45381,1
CR_168310,1
CR_172023,1
CR_77547,1
CR_163743,1
CR_102086,1
CR_65418,1
CR_32436,1
CR_175748,1
CR_190739,1
CR_69980,1
CR_70854,1
CR_44210,1
CR_63944,1
CR_184328,1
CR_103064,1
CR_176666,1
CR_9861,1
CR_65573,1
CR_8047,1
CR_175814,1
CR_21226,1
CR_68886,1
CR_98277,1
CR_177231,1
CR_156090,1
CR_172844,1
CR_140479,1
CR_161144,1
CR_66849,1
CR_175299,1
CR_159710,1
CR_122817,1
CR_142100,1
CR_103272,1
CR_184691,1
CR_147499,1
CR_171744,1
CR_42710,1
CR_146574,1
CR_62544,1
CR_97821,1
CR_16983,1
CR_25275,1
CR_120738,1
CR_5305,1
CR_171340,1
CR_87998,1
CR_62415,1
CR_12027,1
CR_81309,1
CR_109097,1
CR_129963,1
CR_104202,1
CR_153591,0
CR_171393,0
CR_70395,1
CR_40125,1
CR_10020,1
CR_99774,1
CR_54905,1
CR_92757,1
CR_192975,1
CR_9205,1
CR_144982,1
CR_90783,1
CR_116482,1
CR_1736,1
CR_105824,0
CR_191381,1
CR_97566,1
CR_43423,1
CR_103406,1
CR_13273,1
CR_86930,1
CR_89959,1
CR_123445,1
CR_129693,1
CR_88197,1
CR_189670,1
CR_66015,1
CR_132406,1
CR_8641,1
CR_27785,1
CR_180122,1
CR_186970,1
CR_50013,1
CR_115638,1
CR_84047,1
CR_51644,1
CR_137197,1
CR_154246,1
CR_72035,1
CR_175500,1
CR_123360,1
CR_173705,1
CR_20260,1
CR_117852,1
CR_105409,1
CR_29394,1
CR_124894,0
CR_111283,1
CR_454,1
CR_85074,1
CR_91162,1
CR_33534,1
CR_24588,1
CR_184706,1
CR_10469,1
CR_180496,1
CR_108608,1
CR_35184,1
CR_130168,1
CR_180523,1
CR_195363,1
CR_117521,1
CR_39004,1
CR_99303,1
CR_101504,1
CR_92231,1
CR_114738,0
CR_120757,1
CR_79353,0
CR_88493,0
CR_144801,1
CR_74038,1
CR_104044,1
CR_139465,1
CR_181124,1
CR_111261,1
CR_184650,1
CR_187069,1
CR_30598,1
CR_32671,0
CR_70718,1
CR_98015,1
CR_143758,1
CR_15503,1
CR_113820,1
CR_138596,1
CR_54936,1
CR_65520,1
CR_32800,0
CR_4708,1
CR_5974,1
CR_123570,1
CR_170176,1
CR_49519,1
CR_72409,1
CR_192768,1
CR_140961,1
CR_103948,1
CR_85366,1
CR_36163,1
CR_149149,1
CR_165817,1
CR_71419,1
CR_193956,1
CR_170247,1
CR_18688,0
CR_4406,1
CR_109189,1
CR_113184,1
CR_143904,1
CR_54270,1
CR_101982,1
CR_49964,1
CR_71081,1
CR_67972,1
CR_123735,1
CR_83120,1
CR_94340,1
CR_60804,1
CR_13022,1
CR_55773,1
CR_90405,1
CR_17840,1
CR_7726,1
CR_196961,1
CR_92993,1
CR_11784,1
CR_167724,1
CR_9542,1
CR_91163,1
CR_72587,1
CR_112813,1
CR_172716,0
CR_3768,1
CR_138294,1
CR_37322,1
CR_50518,1
CR_44157,1
CR_127684,1
CR_54888,1
CR_24696,1
CR_142810,0
CR_42929,1
CR_28609,1
CR_23556,1
CR_168631,1
CR_151266,1
CR_195153,1
CR_133897,1
CR_36540,1
CR_125739,1
CR_66068,1
CR_184821,1
CR_119320,1
CR_26555,1
CR_148696,1
CR_41897,1
CR_76508,1
CR_167432,1
CR_165571,1
CR_87587,1
CR_81667,1
CR_183274,1
CR_36850,1
CR_194394,1
CR_159490,1
CR_193787,1
CR_148395,1
CR_122657,1
CR_189057,1
CR_170570,1
CR_90228,1
CR_95295,1
CR_15216,1
CR_19627,1
CR_120536,1
CR_185772,1
CR_188254,1
CR_82910,1
CR_5131,1
CR_146933,1
CR_42922,1
CR_7701,1
CR_107564,1
CR_189967,1
CR_50467,1
CR_111105,1
CR_178235,0
CR_23942,1
CR_32393,1
CR_184787,1
CR_186699,1
CR_12781,1
CR_64845,1
CR_24599,1
CR_117111,1
CR_37727,1
CR_23764,1
CR_187315,1
CR_96568,1
CR_168184,1
CR_120130,1
CR_30307,1
CR_183163,1
CR_7341,1
CR_113309,1
CR_172660,1
CR_146535,1
CR_194527,1
CR_23705,0
CR_178959,1
CR_25630,1
CR_37926,1
CR_82200,1
CR_6013,1
CR_45037,1
CR_108917,1
CR_66447,1
CR_56801,1
CR_178396,0
CR_52899,1
CR_189371,1
CR_186145,1
CR_43770,1
CR_144203,1
CR_117834,1
CR_146092,1
CR_95281,1
CR_23735,1
CR_161571,1
CR_178850,1
CR_161190,1
CR_150669,1
CR_105290,1
CR_150727,1
CR_191082,1
CR_109498,1
CR_98275,1
CR_144390,1
CR_160859,1
CR_72633,1
CR_65750,1
CR_776,1
CR_5147,1
CR_148468,1
CR_2756,1
CR_49701,1
CR_147448,1
CR_80289,1
CR_107353,1
CR_167557,1
CR_113325,1
CR_94531,1
CR_110923,1
CR_166811,1
CR_69441,1
CR_80626,1
CR_168799,1
CR_69964,1
CR_180269,1
CR_168541,1
CR_31195,0
CR_141160,1
CR_167546,1
CR_16542,1
CR_159208,1
CR_95776,1
CR_144333,1
CR_87422,1
CR_88692,0
CR_135324,1
CR_1505,1
CR_109553,1
CR_131084,1
CR_123382,1
CR_149901,1
CR_8566,1
CR_1157,1
CR_3215,1
CR_49674,1
CR_6806,1
CR_89476,1
CR_145063,1
CR_97018,1
CR_30939,1
CR_38897,1
CR_81566,1
CR_189700,1
CR_37884,1
CR_78498,1
CR_31606,1
CR_120526,1
CR_25611,1
CR_115952,1
CR_113683,1
CR_4905,1
CR_130684,0
CR_182564,1
CR_145969,1
CR_84684,1
CR_140638,1
CR_22728,1
CR_71394,1
CR_4772,1
CR_190266,1
CR_64594,1
CR_13814,1
CR_48616,1
CR_30953,1
CR_136012,1
CR_54429,0
CR_123431,1
CR_28225,1
CR_52787,1
CR_1244,1
CR_84487,1
CR_2261,1
CR_155603,1
CR_129828,1
CR_167744,1
CR_91601,1
CR_191003,1
CR_134767,0
CR_99471,1
CR_170819,1
CR_2007,1
CR_102638,1
CR_148684,1
CR_24934,1
CR_188889,1
CR_89439,1
CR_4605,1
CR_84470,1
CR_128389,1
CR_141970,1
CR_195471,0
CR_92631,1
CR_37468,1
CR_177426,1
CR_20037,1
CR_46752,1
CR_136667,1
CR_169325,1
CR_6729,1
CR_134615,1
CR_46018,1
CR_132273,1
CR_18207,0
CR_175986,1
CR_122906,1
CR_151785,1
CR_141944,1
CR_174348,1
CR_87518,1
CR_155874,1
CR_125737,1
CR_158245,1
CR_14843,1
CR_5662,1
CR_190579,1
CR_141259,1
CR_101575,1
CR_107264,1
CR_97897,1
CR_145254,1
CR_122313,1
CR_182546,1
CR_135297,1
CR_118705,1
CR_155949,1
CR_134128,1
CR_84125,1
CR_10218,1
CR_45636,0
CR_98292,1
CR_192421,1
CR_123997,1
CR_179403,1
CR_167,1
CR_197094,1
CR_184274,1
CR_83823,1
CR_60593,1
CR_149169,1
CR_196806,1
CR_99810,0
CR_51934,1
CR_35713,1
CR_170471,1
CR_14030,1
CR_97493,1
CR_133551,1
CR_133744,1
CR_65434,1
CR_155907,1
CR_106551,1
CR_132884,1
CR_192313,1
CR_34385,1
CR_167355,1
CR_88340,1
CR_140042,1
CR_53544,1
CR_37732,1
CR_104344,1
CR_78336,1
CR_181908,1
CR_182609,1
CR_178653,1
CR_3448,1
CR_185151,1
CR_184517,1
CR_133782,1
CR_89667,1
CR_25717,0
CR_175966,1
CR_46800,1
CR_387,1
CR_148312,1
CR_64042,1
CR_17674,1
CR_93192,1
CR_7038,1
CR_128981,1
CR_196615,1
CR_38182,1
CR_192454,1
CR_194796,1
CR_75712,1
CR_8249,1
CR_136890,1
CR_71297,1
CR_30702,1
CR_158914,1
CR_75693,1
CR_37587,1
CR_146227,1
CR_138363,1
CR_149315,1
CR_153444,1
CR_177027,1
CR_82112,1
CR_105597,1
CR_115111,1
CR_109422,1
CR_98829,0
CR_122857,1
CR_9901,1
CR_141917,1
CR_51484,1
CR_97873,1
CR_121787,1
CR_15259,1
CR_89263,1
CR_31653,1
CR_62290,1
CR_38840,1
CR_169698,1
CR_132001,1
CR_115821,1
CR_118982,1
CR_29393,1
CR_35395,1
CR_151676,1
CR_31224,1
CR_186253,1
CR_99805,1
CR_170575,1
CR_122181,1
CR_125822,1
CR_36125,1
CR_146650,1
CR_152782,1
CR_133243,1
CR_23356,1
CR_120874,1
CR_56486,1
CR_62918,1
CR_45494,1
CR_182824,1
CR_140233,1
CR_189508,1
CR_152751,1
CR_72167,1
CR_165812,1
CR_19571,1
CR_156743,1
CR_29802,1
CR_163883,1
CR_97110,1
CR_89586,1
CR_6909,0
CR_90458,1
CR_178014,1
CR_46278,1
CR_171259,1
CR_38605,1
CR_105897,1
CR_146902,1
CR_46522,1
CR_142859,1
CR_89678,1
CR_62655,1
CR_48651,1
CR_81532,0
CR_130915,0
CR_10541,1
CR_38681,1
CR_196937,1
CR_191693,1
CR_5413,1
CR_60432,1
CR_193364,1
CR_111494,1
CR_131528,1
CR_108242,1
CR_5207,1
CR_112351,1
CR_144413,1
CR_148273,1
CR_65879,1
CR_102435,1
CR_162649,1
CR_178383,1
CR_108215,1
CR_28396,1
CR_49706,1
CR_105251,1
CR_137239,1
CR_174831,1
CR_66918,1
CR_35527,1
CR_147024,1
CR_136578,1
CR_4780,1
CR_156646,1
CR_167360,1
CR_186324,1
CR_183066,1
CR_15931,1
CR_173633,1
CR_84439,1
CR_85569,1
CR_160809,1
CR_130632,1
CR_74818,1
CR_12978,1
CR_130933,1
CR_138288,1
CR_79077,1
CR_90656,1
CR_109674,1
CR_154613,1
CR_82579,1
CR_187828,1
CR_57383,1
CR_44539,1
CR_20411,1
CR_60975,1
CR_153290,1
CR_32188,1
CR_1231,1
CR_59783,1
CR_150170,1
CR_37979,1
CR_73113,1
CR_126991,1
CR_122543,1
CR_180021,1
CR_1115,1
CR_112396,1
CR_115068,1
CR_26749,1
CR_63303,1
CR_47640,1
CR_152085,1
CR_157100,1
CR_7206,1
CR_150889,1
CR_31110,1
CR_65161,1
CR_157319,1
CR_140834,1
CR_8212,1
CR_76726,1
CR_18949,1
CR_41211,1
CR_62556,1
CR_76583,1
CR_131951,1
CR_131658,1
CR_85228,1
CR_12894,1
CR_5634,1
CR_170016,1
CR_1812,1
CR_132916,1
CR_108998,1
CR_82554,1
CR_174578,0
CR_62358,1
CR_195279,1
CR_28823,1
CR_20499,1
CR_174577,1
CR_48347,1
CR_110949,1
CR_184168,1
CR_128120,1
CR_75434,1
CR_122019,1
CR_57722,1
CR_47133,1
CR_163263,1
CR_47315,1
CR_41098,1
CR_101197,1
CR_43501,1
CR_29475,1
CR_6283,1
CR_44393,1
CR_127244,1
CR_67735,1
CR_184251,1
CR_35574,0
CR_158624,1
CR_102074,1
CR_153481,1
CR_170293,1
CR_195751,1
CR_124240,1
CR_41771,1
CR_128351,1
CR_133908,1
CR_32886,1
CR_158227,1
CR_169949,1
CR_33947,1
CR_34831,1
CR_74957,1
CR_60951,0
CR_22131,1
CR_109278,1
CR_153898,1
CR_88928,1
CR_195913,1
CR_97756,1
CR_46159,1
CR_166515,1
CR_97812,1
CR_153327,1
CR_64975,1
CR_7774,1
CR_84434,1
CR_64029,1
CR_56599,1
CR_15396,1
CR_13899,1
CR_113637,1
CR_138794,1
CR_53997,1
CR_37101,1
CR_140700,1
CR_124107,1
CR_29952,1
CR_193374,1
CR_18740,1
CR_120914,1
CR_160185,1
CR_40492,1
CR_162258,1
CR_128796,1
CR_137059,1
CR_163672,1
CR_187034,1
CR_103498,1
CR_174091,0
CR_78400,1
CR_85765,1
CR_183207,1
CR_102304,1
CR_99892,1
CR_170602,1
CR_197986,1
CR_11897,1
CR_86059,1
CR_156456,1
CR_57971,1
CR_87572,1
CR_56903,1
CR_94907,1
CR_181943,1
CR_43558,1
CR_123546,1
CR_85058,1
CR_90954,1
CR_138552,1
CR_103454,1
CR_81449,1
CR_64142,1
CR_164035,1
CR_132211,1
CR_132498,1
CR_185886,1
CR_111435,1
CR_151268,1
CR_173855,1
CR_126514,1
CR_153805,1
CR_134512,1
CR_115622,1
CR_151736,1
CR_8139,1
CR_25614,1
CR_129004,1
CR_165300,1
CR_88314,1
CR_87596,1
CR_77615,1
CR_18536,1
CR_176522,1
CR_189381,1
CR_106644,1
CR_171711,1
CR_22941,1
CR_2062,1
CR_168450,1
CR_37050,1
CR_131896,1
CR_92394,1
CR_191,1
CR_188155,1
CR_106209,1
CR_79550,1
CR_81715,0
CR_34323,1
CR_142448,0
CR_117498,0
CR_39523,1
CR_12530,1
CR_42204,0
CR_85304,1
CR_83978,1
CR_316,1
CR_174775,1
CR_144010,1
CR_111672,1
CR_176935,1
CR_115318,1
CR_87646,0
CR_50093,1
CR_163708,1
CR_79030,1
CR_170122,1
CR_29610,1
CR_110133,1
CR_198204,1
CR_147966,1
CR_152962,1
CR_194578,1
CR_758,1
CR_67995,1
CR_176770,1
CR_111526,1
CR_174307,1
CR_23683,1
CR_123703,1
CR_179729,1
CR_139923,1
CR_134516,1
CR_131801,1
CR_74000,1
CR_23478,1
CR_45288,1
CR_22319,1
CR_20720,1
CR_148000,1
CR_36495,1
CR_99284,1
CR_135341,0
CR_147703,1
CR_68461,1
CR_175170,1
CR_108668,1
CR_171369,1
CR_162336,1
CR_156766,1
CR_160389,1
CR_172311,1
CR_119995,1
CR_186663,1
CR_152718,1
CR_150085,1
CR_60283,1
CR_66705,1
CR_159755,0
CR_188999,1
CR_168483,1
CR_53840,1
CR_126368,1
CR_9089,1
CR_18613,1
CR_158484,1
CR_124132,1
CR_24950,1
CR_125741,1
CR_42103,1
CR_47183,1
CR_46485,1
CR_95751,1
CR_192148,1
CR_27149,1
CR_116546,1
CR_192462,1
CR_139892,0
CR_19981,1
CR_1807,1
CR_171848,1
CR_22188,1
CR_131726,1
CR_34171,1
CR_6043,1
CR_30971,1
CR_98568,1
CR_197964,1
CR_155610,1
CR_1951,1
CR_7368,1
CR_57682,1
CR_17430,1
CR_28953,1
CR_43630,1
CR_124033,1
CR_101838,1
CR_153351,1
CR_95404,1
CR_56455,1
CR_51289,1
CR_42876,1
CR_42646,1
CR_161581,1
CR_193092,1
CR_54134,1
CR_57570,0
CR_18343,1
CR_94634,1
CR_122478,1
CR_70113,1
CR_134694,1
CR_123584,1
CR_31745,1
CR_191712,1
CR_10333,1
CR_104318,1
CR_86942,1
CR_116966,1
CR_94366,1
CR_28732,1
CR_91623,0
CR_139301,1
CR_35554,1
CR_125975,1
CR_96232,0
CR_29115,1
CR_91905,1
CR_180062,1
CR_64682,1
CR_26658,1
CR_159324,1
CR_66815,1
CR_135507,1
CR_101425,1
CR_154198,1
CR_128154,0
CR_34600,1
CR_173613,1
CR_21529,1
CR_98374,1
CR_65678,1
CR_112167,1
CR_140869,0
CR_66331,1
CR_173116,1
CR_143898,1
CR_124600,1
CR_164497,1
CR_194073,1
CR_120085,1
CR_42371,1
CR_180932,1
CR_75242,1
CR_67012,1
CR_142368,1
CR_91697,1
CR_116525,1
CR_82504,1
CR_132153,1
CR_30574,1
CR_129887,0
CR_145605,1
CR_128568,1
CR_55867,1
CR_67570,1
CR_28088,1
CR_28472,1
CR_170824,1
CR_181867,1
CR_145708,1
CR_170077,1
CR_81252,1
CR_74826,1
CR_50178,1
CR_87001,1
CR_9851,1
CR_93988,0
CR_107518,1
CR_161704,1
CR_36828,1
CR_173129,1
CR_53482,1
CR_88258,1
CR_157751,1
CR_98672,1
CR_111721,1
CR_154022,1
CR_86757,1
CR_104327,1
CR_104041,1
CR_33646,1
CR_4229,1
CR_134317,1
CR_120285,1
CR_147274,1
CR_149576,1
CR_60348,1
CR_155264,1
CR_177363,0
CR_120176,1
CR_90763,1
CR_15601,1
CR_96721,1
CR_150607,1
CR_177614,1
CR_174026,1
CR_179731,1
CR_55286,1
CR_38987,1
CR_174950,1
CR_110380,1
CR_8272,1
CR_173418,1
CR_195006,1
CR_193485,1
CR_119386,1
CR_123207,1
CR_68990,1
CR_122659,1
CR_17699,1
CR_184792,1
CR_124529,1
CR_104705,1
CR_157359,1
CR_86966,1
CR_189753,1
CR_58412,1
CR_70238,0
CR_20226,1
CR_148234,1
CR_74936,1
CR_43820,1
CR_126241,1
CR_34102,1
CR_108763,1
CR_163058,1
CR_177457,1
CR_128540,1
CR_168015,1
CR_120735,0
CR_34288,1
CR_122831,1
CR_29649,1
CR_27865,1
CR_149848,1
CR_135652,1
CR_14537,1
CR_66835,1
CR_92453,1
CR_2605,1
CR_70758,1
CR_151526,1
CR_176692,1
CR_172672,1
CR_32624,1
CR_109613,1
CR_92367,1
CR_118267,1
CR_62021,1
CR_178169,1
CR_135749,1
CR_172943,1
CR_9982,1
CR_32491,1
CR_114687,1
CR_160604,1
CR_192964,1
CR_76422,1
CR_40412,1
CR_167302,1
CR_105340,1
CR_21063,1
CR_71168,0
CR_61967,1
CR_97933,1
CR_107077,1
CR_179804,1
CR_139025,1
CR_126447,0
CR_154318,1
CR_1200,1
CR_75153,0
CR_15295,1
CR_80918,1
CR_155103,1
CR_92550,1
CR_77513,1
CR_134821,1
CR_9138,1
CR_139487,1
CR_75407,1
CR_22082,0
CR_166527,1
CR_114236,1
CR_76649,1
CR_174565,1
CR_68323,1
CR_63405,1
CR_128592,1
CR_174473,1
CR_142969,1
CR_131410,0
CR_128767,0
CR_177556,1
CR_86892,1
CR_96661,0
CR_358,1
CR_171902,1
CR_106876,1
CR_63000,1
CR_41080,1
CR_74803,1
CR_16397,1
CR_50535,1
CR_143582,1
CR_18460,1
CR_61103,1
CR_165444,1
CR_82193,0
CR_169638,1
CR_23454,1
CR_182104,1
CR_181101,1
CR_36804,1
CR_23540,0
CR_129649,1
CR_12299,1
CR_139253,1
CR_29910,1
CR_25685,1
CR_158897,1
CR_158392,1
CR_159019,1
CR_77154,1
CR_98444,1
CR_104043,1
CR_138312,1
CR_58162,1
CR_141502,0
CR_115509,1
CR_61478,1
CR_181948,1
CR_168972,1
CR_82798,1
CR_197159,1
CR_113031,1
CR_47566,1
CR_164523,1
CR_162238,1
CR_156429,1
CR_196111,1
CR_174150,1
CR_58464,1
CR_123208,1
CR_131805,1
CR_109957,1
CR_98380,1
CR_104930,1
CR_82031,1
CR_54788,1
CR_195968,1
CR_157672,1
CR_86955,1
CR_73758,1
CR_159121,1
CR_19817,1
CR_168627,1
CR_42059,1
CR_25845,1
CR_100189,1
CR_76574,1
CR_22107,1
CR_129776,1
CR_102176,1
CR_186826,1
CR_94084,1
CR_10916,1
CR_80985,1
CR_195319,1
CR_38939,1
CR_171090,1
CR_28363,1
CR_8389,1
CR_25758,1
CR_98409,1
CR_128807,1
CR_190612,1
CR_77880,1
CR_1500,0
CR_109261,1
CR_107370,1
CR_111893,1
CR_137849,1
CR_5707,1
CR_82374,1
CR_181247,1
CR_74658,1
CR_149816,1
CR_112121,1
CR_162745,1
CR_187623,1
CR_38363,1
CR_108093,1
CR_34019,1
CR_39378,1
CR_133084,1
CR_64229,1
CR_162019,1
CR_103986,1
CR_41936,1
CR_166676,0
CR_146926,1
CR_137466,1
CR_82168,1
CR_142376,1
CR_71001,1
CR_144196,1
CR_156808,1
CR_190584,1
CR_60613,1
CR_123026,1
CR_190747,1
CR_99487,1
CR_186977,1
CR_20647,1
CR_141963,1
CR_180379,1
CR_157662,1
CR_130014,1
CR_89669,1
CR_179167,1
CR_123317,1
CR_162154,0
CR_29673,1
CR_135892,1
CR_68137,1
CR_29957,1
CR_106803,1
CR_93276,1
CR_145138,1
CR_33701,1
CR_118589,1
CR_105814,1
CR_181961,1
CR_146055,1
CR_90808,1
CR_97202,1
CR_120378,1
CR_117156,1
CR_122144,1
CR_197141,0
CR_178762,1
CR_34494,1
CR_178500,0
CR_44939,1
CR_165178,1
CR_129725,1
CR_156317,1
CR_82397,1
CR_148143,1
CR_50662,1
CR_123624,1
CR_61530,1
CR_3300,1
CR_194753,1
CR_179972,1
CR_122648,1
CR_82618,1
CR_76327,1
CR_163068,1
CR_13868,1
CR_74985,1
CR_73751,1
CR_76666,1
CR_68842,1
CR_180389,1
CR_169585,1
CR_34729,1
CR_172639,1
CR_67805,1
CR_133222,1
CR_33402,1
CR_23121,1
CR_45866,1
CR_34622,1
CR_124483,1
CR_95267,1
CR_27285,1
CR_94669,1
CR_155614,1
CR_160779,1
CR_171407,1
CR_88475,1
CR_63590,1
CR_167463,1
CR_116910,1
CR_122025,1
CR_177739,1
CR_49400,1
CR_142883,1
CR_113777,1
CR_112855,1
CR_196590,1
CR_55380,1
CR_24554,1
CR_153710,1
CR_1763,1
CR_158954,1
CR_65919,1
CR_100455,1
CR_26709,1
CR_55428,1
CR_195010,1
CR_45891,1
CR_38354,1
CR_193826,1
CR_188971,1
CR_175229,1
CR_13199,1
CR_165538,1
CR_23856,1
CR_14082,1
CR_113883,1
CR_75831,1
CR_87617,1
CR_128641,1
CR_90429,1
CR_131891,1
CR_155643,1
CR_44215,1
CR_176223,1
CR_8580,1
CR_159377,1
CR_15875,1
CR_114417,1
CR_21094,1
CR_180552,1
CR_193452,1
CR_11190,1
CR_64133,1
CR_170588,1
CR_65430,1
CR_8344,1
CR_49914,1
CR_94047,1
CR_27203,1
CR_80785,1
CR_41748,0
CR_120614,1
CR_99271,1
CR_180902,0
CR_83278,1
CR_20439,1
CR_75552,1
CR_83344,1
CR_68616,1
CR_81043,1
CR_21618,1
CR_87716,1
CR_171525,1
CR_569,1
CR_65511,1
CR_189869,1
CR_154397,1
CR_14718,1
CR_102921,1
CR_179283,0
CR_130876,1
CR_6580,1
CR_65060,1
CR_101681,1
CR_181707,1
CR_120584,1
CR_185235,1
CR_51789,1
CR_155663,1
CR_71408,1
CR_157497,1
CR_81956,1
CR_182866,1
CR_136337,1
CR_100195,1
CR_31460,1
CR_154268,1
CR_34883,1
CR_42653,1
CR_174618,1
CR_31654,1
CR_132966,1
CR_13966,1
CR_172354,1
CR_68027,1
CR_31330,1
CR_139018,1
CR_32115,1
CR_47884,1
CR_22958,1
CR_112475,1
CR_40010,1
CR_7697,1
CR_191950,1
CR_9586,1
CR_38612,1
CR_11528,1
CR_40562,0
CR_193160,1
CR_116822,1
CR_5092,1
CR_73504,1
CR_53939,1
CR_68108,1
CR_73710,1
CR_26186,0
CR_66967,1
CR_40951,1
CR_167697,1
CR_53888,1
CR_172779,1
CR_126625,1
CR_51649,1
CR_152932,1
CR_63746,1
CR_191193,1
CR_111541,0
CR_180359,1
CR_169618,1
CR_125301,1
CR_132133,1
CR_38298,1
CR_47095,1
CR_21794,1
CR_142817,1
CR_158269,1
CR_141054,1
CR_136176,1
CR_141898,1
CR_181999,1
CR_153568,1
CR_198530,0
CR_59938,1
CR_100815,1
CR_191502,1
CR_108666,1
CR_198154,0
CR_28599,1
CR_120071,1
CR_89363,1
CR_85143,1
CR_22025,1
CR_105891,1
CR_36322,1
CR_26491,1
CR_92399,1
CR_167674,1
CR_53206,1
CR_111088,1
CR_162454,1
CR_190401,1
CR_124727,1
CR_63717,1
CR_194135,1
CR_130137,1
CR_86972,1
CR_170876,1
CR_50465,1
CR_169471,1
CR_181600,1
CR_135300,0
CR_159756,1
CR_156977,1
CR_100883,1
CR_30012,1
CR_98585,1
CR_173224,1
CR_120931,1
CR_95241,1
CR_119028,1
CR_182213,1
CR_187692,1
CR_45305,1
CR_46993,1
CR_20957,1
CR_41790,1
CR_76893,1
CR_68654,1
CR_28785,0
CR_165691,1
CR_66246,1
CR_169720,1
CR_150277,1
CR_66136,1
CR_84920,1
CR_148131,1
CR_45815,1
CR_55718,1
CR_162269,1
CR_179357,1
CR_157546,1
CR_91441,1
CR_136177,0
CR_93739,1
CR_116270,1
CR_134716,1
CR_165518,0
CR_147785,1
CR_124385,1
CR_126144,1
CR_995,1
CR_195814,1
CR_31478,1
CR_194692,1
CR_24518,1
CR_3707,1
CR_83325,1
CR_35912,1
CR_4575,1
CR_151408,1
CR_90010,1
CR_49657,1
CR_46023,1
CR_69185,1
CR_125001,1
CR_73165,1
CR_160292,1
CR_196624,1
CR_179189,1
CR_72201,1
CR_156713,1
CR_172564,1
CR_12821,1
CR_128786,1
CR_109608,1
CR_114008,1
CR_172513,1
CR_12865,1
CR_151465,1
CR_109041,1
CR_58444,1
CR_52828,1
CR_33284,1
CR_123463,1
CR_17072,1
CR_95004,1
CR_119314,1
CR_44542,1
CR_123758,1
CR_93618,1
CR_50397,1
CR_57518,1
CR_121462,1
CR_177354,1
CR_169804,1
CR_34740,1
CR_108662,1
CR_176274,1
CR_117880,1
CR_113005,1
CR_123842,0
CR_159458,1
CR_105751,1
CR_102787,1
CR_61948,1
CR_70709,1
CR_154679,1
CR_90483,1
CR_156355,1
CR_99519,1
CR_86374,1
CR_58617,1
CR_27811,1
CR_7909,1
CR_29149,1
CR_28157,1
CR_191159,1
CR_64842,1
CR_158772,1
CR_23748,1
CR_72766,1
CR_20018,1
CR_180733,1
CR_30573,1
CR_32542,1
CR_41102,1
CR_83920,1
CR_13808,1
CR_60338,1
CR_7521,1
CR_51095,1
CR_126166,1
CR_172683,1
CR_170738,1
CR_148370,1
CR_123963,1
CR_51503,1
CR_58458,1
CR_136164,1
CR_18488,1
CR_90754,1
CR_39658,1
CR_51719,1
CR_113310,1
CR_15372,1
CR_103476,1
CR_112968,1
CR_146173,1
CR_45105,1
CR_160191,1
CR_14696,1
CR_90813,1
CR_56639,1
CR_118385,1
CR_55252,1
CR_24421,1
CR_174945,1
CR_71062,1
CR_35786,1
CR_140529,1
CR_42936,1
CR_178305,1
CR_45518,1
CR_32266,1
CR_176703,1
CR_156793,1
CR_193250,1
CR_47394,0
CR_64411,1
CR_4480,1
CR_105855,1
CR_48752,1
CR_105329,1
CR_84630,1
CR_102818,1
CR_93625,1
CR_187907,1
CR_104271,1
CR_186810,1
CR_157463,1
CR_85859,1
CR_153561,1
CR_154542,1
CR_175204,1
CR_21664,1
CR_148272,1
CR_154056,1
CR_87935,1
CR_152989,1
CR_153677,1
CR_174070,1
CR_101209,1
CR_117851,1
CR_39117,1
CR_124258,1
CR_36473,0
CR_18736,1
CR_34915,1
CR_68876,1
CR_25964,1
CR_122979,1
CR_1064,1
CR_44924,1
CR_83326,1
CR_151244,1
CR_123236,1
CR_107606,1
CR_101899,1
CR_90396,1
CR_3745,1
CR_98950,1
CR_26311,1
CR_99604,1
CR_134887,1
CR_18098,0
CR_77416,1
CR_599,1
CR_114990,1
CR_127963,1
CR_24367,0
CR_162396,1
CR_183573,1
CR_83101,1
CR_67421,1
CR_68236,1
CR_58775,1
CR_44536,1
CR_189567,1
CR_174510,1
CR_160517,0
CR_5546,1
CR_187026,0
CR_19055,1
CR_189293,1
CR_115061,1
CR_130406,1
CR_71261,1
CR_175684,1
CR_68021,1
CR_45596,1
CR_83989,1
CR_103842,1
CR_51389,1
CR_15912,1
CR_49494,1
CR_62582,0
CR_95171,1
CR_2523,1
CR_137616,1
CR_29383,1
CR_4207,1
CR_47119,0
CR_100133,1
CR_98254,1
CR_166128,1
CR_18803,1
CR_57691,1
CR_64926,1
CR_33137,1
CR_123282,1
CR_134813,1
CR_193379,1
CR_78246,1
CR_178231,1
CR_25282,1
CR_85774,1
CR_195891,1
CR_112705,1
CR_99596,1
CR_77511,1
CR_27,1
CR_128901,1
CR_71413,1
CR_56833,1
CR_109279,1
CR_15510,1
CR_84672,1
CR_153212,0
CR_139047,1
CR_49125,1
CR_59235,1
CR_55401,1
CR_25931,1
CR_28416,1
CR_99095,1
CR_82084,1
CR_153133,0
CR_54171,1
CR_134055,1
CR_3198,1
CR_50975,1
CR_14228,1
CR_81301,1
CR_64940,1
CR_103037,1
CR_114977,1
CR_40167,1
CR_143131,1
CR_5353,1
CR_143743,1
CR_190099,1
CR_109169,1
CR_70282,1
CR_89408,1
CR_75796,1
CR_151204,1
CR_72233,1
CR_168293,1
CR_132378,1
CR_190393,1
CR_172598,1
CR_86404,1
CR_175761,1
CR_152639,1
CR_117377,0
CR_158213,1
CR_54249,1
CR_194274,1
CR_161876,1
CR_16262,1
CR_2617,1
CR_33087,1
CR_26618,1
CR_175011,1
CR_81648,1
CR_6289,1
CR_131687,1
CR_79741,1
CR_134953,1
CR_66119,1
CR_115379,1
CR_144201,1
CR_133935,1
CR_54724,1
CR_138404,1
CR_172500,1
CR_56314,1
CR_134723,1
CR_187825,1
CR_163507,1
CR_68881,1
CR_55156,1
CR_144366,1
CR_63655,1
CR_12748,1
CR_121746,1
CR_118079,1
CR_167930,1
CR_192178,1
CR_177037,1
CR_4502,1
CR_193978,1
CR_72707,1
CR_70978,1
CR_129559,1
CR_22761,1
CR_79623,1
CR_96071,1
CR_167334,1
CR_18927,1
CR_44609,1
CR_18103,1
CR_73523,1
CR_195881,1
CR_141491,1
CR_176648,1
CR_33253,1
CR_137910,1
CR_78679,1
CR_147403,1
CR_5135,1
CR_173875,1
CR_62201,1
CR_13359,1
CR_98988,1
CR_178242,1
CR_32905,1
CR_152875,1
CR_153491,1
CR_98520,1
CR_5654,1
CR_58587,1
CR_110441,1
CR_147941,1
CR_99280,1
CR_93208,1
CR_102721,1
CR_34098,1
CR_97021,1
CR_138836,1
CR_79969,1
CR_53476,1
CR_193959,1
CR_15323,1
CR_139816,1
CR_71814,1
CR_136682,1
CR_28877,1
CR_123510,1
CR_156665,1
CR_153657,1
CR_81555,1
CR_101344,1
CR_58288,1
CR_4404,1
CR_84626,1
CR_21269,1
CR_148418,1
CR_194257,1
CR_4470,1
CR_174149,1
CR_67463,0
CR_153756,1
CR_77215,1
CR_121557,1
CR_150581,1
CR_84832,1
CR_120549,1
CR_191729,1
CR_115755,1
CR_60516,1
CR_153939,1
CR_143443,1
CR_36701,1
CR_95636,1
CR_191666,1
CR_83598,1
CR_185104,1
CR_133918,1
CR_24636,1
CR_65999,1
CR_141428,1
CR_155637,1
CR_63174,1
CR_51604,1
CR_153165,1
CR_170781,1
CR_140123,1
CR_1218,1
CR_31389,1
CR_100560,1
CR_82381,1
CR_166015,1
CR_84488,1
CR_26417,1
CR_116241,1
CR_84715,1
CR_106460,1
CR_122345,1
CR_160171,1
CR_64350,1
CR_132599,1
CR_170018,1
CR_127526,1
CR_192848,1
CR_84424,1
CR_47276,1
CR_112939,1
CR_108091,1
CR_54978,1
CR_73588,1
CR_145527,1
CR_47458,1
CR_106494,1
CR_42404,1
CR_144197,1
CR_125473,1
CR_153719,1
CR_116451,1
CR_66636,1
CR_11062,1
CR_122441,1
CR_179830,1
CR_80604,1
CR_81803,1
CR_78350,1
CR_141074,1
CR_174000,1
CR_162973,1
CR_42198,1
CR_62587,1
CR_5393,1
CR_85015,1
CR_119482,1
CR_108468,1
CR_19535,1
CR_75618,1
CR_10985,1
CR_84481,1
CR_124070,1
CR_179521,1
CR_174353,1
CR_67913,1
CR_28123,1
CR_77536,1
CR_103973,1
CR_27172,1
CR_193668,1
CR_169555,1
CR_440,1
CR_69159,1
CR_91724,1
CR_141608,1
CR_20810,1
CR_154567,1
CR_183779,1
CR_129208,1
CR_92202,1
CR_115943,1
CR_90316,1
CR_164671,1
CR_60935,1
CR_67485,1
CR_62294,1
CR_23021,1
CR_7332,1
CR_2661,1
CR_43372,1
CR_172771,1
CR_126581,1
CR_128212,1
CR_76354,1
CR_147450,1
CR_140083,1
CR_154170,1
CR_39278,1
CR_106895,1
CR_193354,1
CR_70509,1
CR_64011,1
CR_147939,1
CR_4189,1
CR_135090,1
CR_130640,1
CR_171459,1
CR_6735,0
CR_137780,1
CR_18744,1
CR_144382,1
CR_115348,1
CR_141955,1
CR_66566,1
CR_186560,1
CR_2642,1
CR_196456,1
CR_185490,1
CR_167778,1
CR_185312,0
CR_80258,1
CR_138812,1
CR_159972,1
CR_58880,1
CR_165267,1
CR_35497,1
CR_64000,1
CR_77907,1
CR_82236,1
CR_57452,1
CR_41364,1
CR_122238,1
CR_93557,1
CR_53311,1
CR_167781,1
CR_132461,1
CR_194594,1
CR_127355,1
CR_147873,1
CR_145690,1
CR_104955,1
CR_78592,1
CR_132791,1
CR_96913,1
CR_121795,1
CR_26479,1
CR_148723,1
CR_181431,1
CR_76054,1
CR_194343,1
CR_85557,1
CR_140641,1
CR_130216,1
CR_3638,1
CR_52440,1
CR_56993,1
CR_118569,0
CR_139762,0
CR_118732,1
CR_156546,1
CR_26786,1
CR_10282,1
CR_98149,1
CR_99977,1
CR_89893,1
CR_112273,1
CR_131577,1
CR_12711,1
CR_44570,1
CR_57064,1
CR_81424,1
CR_161787,1
CR_13767,1
CR_142389,1
CR_40900,1
CR_155315,1
CR_155043,1
CR_140610,1
CR_195815,1
CR_30804,1
CR_18012,1
CR_1917,1
CR_89418,1
CR_162126,1
CR_131199,1
CR_91557,1
CR_93178,1
CR_146019,1
CR_132204,1
CR_125337,1
CR_146619,1
CR_16352,1
CR_10127,1
CR_27253,1
CR_20365,1
CR_77219,1
CR_13226,1
CR_110801,1
CR_16640,1
CR_189422,1
CR_4606,1
CR_99716,1
CR_180245,1
CR_29793,1
CR_64708,1
CR_61090,1
CR_143989,1
CR_40826,1
CR_141129,1
CR_161320,1
CR_133428,1
CR_106767,1
CR_142089,1
CR_17661,1
CR_89402,1
CR_195329,1
CR_91598,1
CR_145958,1
CR_195048,1
CR_29650,1
CR_48110,1
CR_162488,1
CR_63344,1
CR_96478,1
CR_136393,1
CR_148375,1
CR_67736,1
CR_185890,1
CR_89868,1
CR_148343,1
CR_44468,1
CR_158460,1
CR_115946,1
CR_137663,1
CR_33545,1
